bin_start_us,bin_end_us,bin_mid_us,pdf_per_us,probability,count
210.0,215.0,212.5,1.717672e-05,8.5883599e-05,15
215.0,220.0,217.5,0.00010306032,0.00051530159,90
220.0,225.0,222.5,0.00011794681,0.00058973405,103
225.0,230.0,227.5,0.00011794681,0.00058973405,103
230.0,235.0,232.5,0.00012252727,0.00061263634,107
235.0,240.0,237.5,0.00013626864,0.00068134322,119
240.0,245.0,242.5,0.00012138215,0.00060691077,106
245.0,250.0,247.5,0.0001248175,0.00062408749,109
250.0,255.0,252.5,0.00010077009,0.00050385045,88
255.0,260.0,257.5,0.00011336635,0.00056683175,99
260.0,265.0,262.5,0.00012825284,0.00064126421,112
265.0,270.0,267.5,0.00012596261,0.00062981306,110
270.0,275.0,272.5,0.00012710773,0.00063553863,111
275.0,280.0,277.5,0.00012710773,0.00063553863,111
280.0,285.0,282.5,0.00012252727,0.00061263634,107
285.0,290.0,287.5,0.00012023704,0.00060118519,105
290.0,295.0,292.5,0.00010306032,0.00051530159,90
295.0,300.0,297.5,0.00011680169,0.00058400847,102
300.0,305.0,302.5,0.00012252727,0.00061263634,107
305.0,310.0,307.5,0.00010535055,0.00052675274,92
310.0,315.0,312.5,0.00011107612,0.00055538061,97
315.0,320.0,317.5,0.0001248175,0.00062408749,109
320.0,325.0,322.5,0.00059774985,0.0029887492,522
325.0,330.0,327.5,0.00013970399,0.00069851994,122
330.0,335.0,332.5,0.00010306032,0.00051530159,90
335.0,340.0,337.5,0.00010993101,0.00054965503,96
340.0,345.0,342.5,0.00052789786,0.0026394893,461
345.0,350.0,347.5,0.00080158026,0.0040079013,700
350.0,355.0,352.5,0.00057255733,0.0028627866,500
355.0,360.0,357.5,0.00054049412,0.0027024706,472
360.0,365.0,362.5,0.00055538061,0.002776903,485
365.0,370.0,367.5,0.00053247831,0.0026623916,465
370.0,375.0,372.5,0.00053820389,0.0026910194,470
375.0,380.0,377.5,0.00028398843,0.0014199422,248
380.0,385.0,382.5,0.00022902293,0.0011451147,200
385.0,390.0,387.5,0.00027139217,0.0013569609,237
390.0,395.0,392.5,0.00021986201,0.0010993101,192
395.0,400.0,397.5,0.00026910194,0.0013455097,235
400.0,405.0,402.5,0.0002656666,0.001328333,232
405.0,410.0,407.5,0.00026681171,0.0013340586,233
410.0,415.0,412.5,0.00027826286,0.0013913143,243
415.0,420.0,417.5,0.00024505454,0.0012252727,214
420.0,425.0,422.5,0.0002965847,0.0014829235,259
425.0,430.0,427.5,0.00029543958,0.0014771979,258
430.0,435.0,432.5,0.00021299133,0.0010649566,186
435.0,440.0,437.5,0.00020383041,0.001019152,178
440.0,445.0,442.5,0.00023589362,0.0011794681,206
445.0,450.0,447.5,0.00021184621,0.0010592311,185
450.0,455.0,452.5,0.016139246,0.08069623,14094
455.0,460.0,457.5,0.00019123415,0.00095617074,167
460.0,465.0,462.5,0.00023360339,0.0011680169,204
465.0,470.0,467.5,0.00026337637,0.0013168819,230
470.0,475.0,472.5,0.00034238928,0.0017119464,299
475.0,480.0,477.5,0.00033437348,0.0016718674,292
480.0,485.0,482.5,0.00039735479,0.0019867739,347
485.0,490.0,487.5,0.00039277433,0.0019638716,343
490.0,495.0,492.5,0.00043056311,0.0021528156,376
495.0,500.0,497.5,0.000429418,0.00214709,375
500.0,505.0,502.5,0.0004454496,0.002227248,389
505.0,510.0,507.5,0.00041567662,0.0020783831,363
510.0,515.0,512.5,0.00040880593,0.0020440297,357
515.0,520.0,517.5,0.00044659472,0.0022329736,390
520.0,525.0,522.5,0.00040537059,0.0020268529,354
525.0,530.0,527.5,0.00042254731,0.0021127365,369
530.0,535.0,532.5,0.00045117517,0.0022558759,394
535.0,540.0,537.5,0.00041796685,0.0020898342,365
540.0,545.0,542.5,0.00040308036,0.0020154018,352
545.0,550.0,547.5,0.00040880593,0.0020440297,357
550.0,555.0,552.5,0.00034124417,0.0017062208,298
555.0,560.0,557.5,0.00031490653,0.0015745327,275
560.0,565.0,562.5,0.0026726976,0.013363488,2334
565.0,570.0,567.5,0.00035727577,0.0017863789,312
570.0,575.0,572.5,0.00034238928,0.0017119464,299
575.0,580.0,577.5,0.00028284332,0.0014142166,247
580.0,585.0,582.5,0.00038590364,0.0019295182,337
585.0,590.0,587.5,0.00028856889,0.0014428445,252
590.0,595.0,592.5,0.00037559761,0.001877988,328
595.0,600.0,597.5,0.00029772981,0.0014886491,260
600.0,605.0,602.5,0.00030345538,0.0015172769,265
605.0,610.0,607.5,0.00029429447,0.0014714723,257
610.0,615.0,612.5,0.00027940798,0.0013970399,244
615.0,620.0,617.5,0.00028398843,0.0014199422,248
620.0,625.0,622.5,0.00046949701,0.002347485,410
625.0,630.0,627.5,0.00031032607,0.0015516304,271
630.0,635.0,632.5,0.00039620967,0.0019810484,346
635.0,640.0,637.5,0.0002656666,0.001328333,232
640.0,645.0,642.5,0.00036071112,0.0018035556,315
645.0,650.0,647.5,0.00026910194,0.0013455097,235
650.0,655.0,652.5,0.00031376142,0.0015688071,274
655.0,660.0,657.5,0.00031147119,0.0015573559,272
660.0,665.0,662.5,0.00029543958,0.0014771979,258
665.0,670.0,667.5,0.00061950703,0.0030975351,541
670.0,675.0,672.5,0.0022066359,0.01103318,1927
675.0,680.0,677.5,0.00026108614,0.0013054307,228
680.0,685.0,682.5,0.00026795683,0.0013397841,234
685.0,690.0,687.5,0.00026795683,0.0013397841,234
690.0,695.0,692.5,0.00028284332,0.0014142166,247
695.0,700.0,697.5,0.00029772981,0.0014886491,260
700.0,705.0,702.5,0.0002656666,0.001328333,232
705.0,710.0,707.5,0.00024848988,0.0012424494,217
710.0,715.0,712.5,0.0002656666,0.001328333,232
715.0,720.0,717.5,0.00026223126,0.0013111563,229
720.0,725.0,722.5,0.00027253729,0.0013626864,238
725.0,730.0,727.5,0.00026108614,0.0013054307,228
730.0,735.0,732.5,0.00029887492,0.0014943746,261
735.0,740.0,737.5,0.00026910194,0.0013455097,235
740.0,745.0,742.5,0.00026910194,0.0013455097,235
745.0,750.0,747.5,0.00022902293,0.0011451147,200
750.0,755.0,752.5,0.00026223126,0.0013111563,229
755.0,760.0,757.5,0.00028169821,0.001408491,246
760.0,765.0,762.5,0.00027139217,0.0013569609,237
765.0,770.0,767.5,0.00024047408,0.0012023704,210
770.0,775.0,772.5,0.00027253729,0.0013626864,238
775.0,780.0,777.5,0.00030689073,0.0015344536,268
780.0,785.0,782.5,0.0010912943,0.0054564713,953
785.0,790.0,787.5,0.00028055309,0.0014027655,245
790.0,795.0,792.5,0.00022787782,0.0011393891,199
795.0,800.0,797.5,0.00022215224,0.0011107612,194
800.0,805.0,802.5,0.00024161919,0.001208096,211
805.0,810.0,807.5,0.00021757178,0.0010878589,190
810.0,815.0,812.5,0.00022558759,0.0011279379,197
815.0,820.0,817.5,0.00021528156,0.0010764078,188
820.0,825.0,822.5,0.00028055309,0.0014027655,245
825.0,830.0,827.5,0.00024047408,0.0012023704,210
830.0,835.0,832.5,0.00024505454,0.0012252727,214
835.0,840.0,837.5,0.00024734477,0.0012367238,216
840.0,845.0,842.5,0.00027597263,0.0013798632,241
845.0,850.0,847.5,0.00025078011,0.0012539005,219
850.0,855.0,852.5,0.00027253729,0.0013626864,238
855.0,860.0,857.5,0.00025421545,0.0012710773,222
860.0,865.0,862.5,0.0002736824,0.001368412,239
865.0,870.0,867.5,0.00026452149,0.0013226074,231
870.0,875.0,872.5,0.00025650568,0.0012825284,224
875.0,880.0,877.5,0.0002267327,0.0011336635,198
880.0,885.0,882.5,0.00023818385,0.0011909192,208
885.0,890.0,887.5,0.00026681171,0.0013340586,233
890.0,895.0,892.5,0.00073058315,0.0036529157,638
895.0,900.0,897.5,0.00028627866,0.0014313933,250
900.0,905.0,902.5,0.00024619965,0.0012309983,215
905.0,910.0,907.5,0.00024276431,0.0012138215,212
910.0,915.0,912.5,0.0002347485,0.0011737425,205
915.0,920.0,917.5,0.00023016805,0.0011508402,201
920.0,925.0,922.5,0.0002347485,0.0011737425,205
925.0,930.0,927.5,0.00024276431,0.0012138215,212
930.0,935.0,932.5,0.00023818385,0.0011909192,208
935.0,940.0,937.5,0.00024276431,0.0012138215,212
940.0,945.0,942.5,0.00026795683,0.0013397841,234
945.0,950.0,947.5,0.00025879591,0.0012939796,226
950.0,955.0,952.5,0.0002347485,0.0011737425,205
955.0,960.0,957.5,0.00025421545,0.0012710773,222
960.0,965.0,962.5,0.00026910194,0.0013455097,235
965.0,970.0,967.5,0.00020383041,0.001019152,178
970.0,975.0,972.5,0.00020955598,0.0010477799,183
975.0,980.0,977.5,0.0002107011,0.0010535055,184
980.0,985.0,982.5,0.00034925997,0.0017462998,305
985.0,990.0,987.5,0.0002107011,0.0010535055,184
990.0,995.0,992.5,0.00028513355,0.0014256677,249
995.0,1000.0,997.5,0.00045690075,0.0022845037,399
1000.0,1005.0,1002.5,0.00027024706,0.0013512353,236
1005.0,1010.0,1007.5,0.00026108614,0.0013054307,228
1010.0,1015.0,1012.5,0.00022329736,0.0011164868,195
1015.0,1020.0,1017.5,0.00021642667,0.0010821333,189
1020.0,1025.0,1022.5,0.00025879591,0.0012939796,226
1025.0,1030.0,1027.5,0.0002187169,0.0010935845,191
1030.0,1035.0,1032.5,0.00024276431,0.0012138215,212
1035.0,1040.0,1037.5,0.00023589362,0.0011794681,206
1040.0,1045.0,1042.5,0.00025078011,0.0012539005,219
1045.0,1050.0,1047.5,0.00023245827,0.0011622914,203
1050.0,1055.0,1052.5,0.00021299133,0.0010649566,186
1055.0,1060.0,1057.5,0.00019695972,0.0009847986,172
1060.0,1065.0,1062.5,0.00024276431,0.0012138215,212
1065.0,1070.0,1067.5,0.00027597263,0.0013798632,241
1070.0,1075.0,1072.5,0.00024619965,0.0012309983,215
1075.0,1080.0,1077.5,0.00030689073,0.0015344536,268
1080.0,1085.0,1082.5,0.00021413644,0.0010706822,187
1085.0,1090.0,1087.5,0.00023016805,0.0011508402,201
1090.0,1095.0,1092.5,0.00031605164,0.0015802582,276
1095.0,1100.0,1097.5,0.00024276431,0.0012138215,212
1100.0,1105.0,1102.5,0.00024161919,0.001208096,211
1105.0,1110.0,1107.5,0.0003126163,0.0015630815,273
1110.0,1115.0,1112.5,0.00024734477,0.0012367238,216
1115.0,1120.0,1117.5,0.00023703873,0.0011851937,207
1120.0,1125.0,1122.5,0.00022444247,0.0011222124,196
1125.0,1130.0,1127.5,0.00025879591,0.0012939796,226
1130.0,1135.0,1132.5,0.00022787782,0.0011393891,199
1135.0,1140.0,1137.5,0.00025421545,0.0012710773,222
1140.0,1145.0,1142.5,0.00021184621,0.0010592311,185
1145.0,1150.0,1147.5,0.00022902293,0.0011451147,200
1150.0,1155.0,1152.5,0.00027826286,0.0013913143,243
1155.0,1160.0,1157.5,0.00020955598,0.0010477799,183
1160.0,1165.0,1162.5,0.00027139217,0.0013569609,237
1165.0,1170.0,1167.5,0.00022787782,0.0011393891,199
1170.0,1175.0,1172.5,0.00020955598,0.0010477799,183
1175.0,1180.0,1177.5,0.00026223126,0.0013111563,229
1180.0,1185.0,1182.5,0.00024963499,0.001248175,218
1185.0,1190.0,1187.5,0.00025307034,0.0012653517,221
1190.0,1195.0,1192.5,0.00021757178,0.0010878589,190
1195.0,1200.0,1197.5,0.00026681171,0.0013340586,233
1200.0,1205.0,1202.5,0.00026795683,0.0013397841,234
1205.0,1210.0,1207.5,0.00021413644,0.0010706822,187
1210.0,1215.0,1212.5,0.0002736824,0.001368412,239
1215.0,1220.0,1217.5,0.0002347485,0.0011737425,205
1220.0,1225.0,1222.5,0.0002347485,0.0011737425,205
1225.0,1230.0,1227.5,0.00023589362,0.0011794681,206
1230.0,1235.0,1232.5,0.00021528156,0.0010764078,188
1235.0,1240.0,1237.5,0.00020841087,0.0010420543,182
1240.0,1245.0,1242.5,0.00019352438,0.00096762188,169
1245.0,1250.0,1247.5,0.00023016805,0.0011508402,201
1250.0,1255.0,1252.5,0.0002267327,0.0011336635,198
1255.0,1260.0,1257.5,0.00021757178,0.0010878589,190
1260.0,1265.0,1262.5,0.00020612064,0.0010306032,180
1265.0,1270.0,1267.5,0.00024734477,0.0012367238,216
1270.0,1275.0,1272.5,0.00021299133,0.0010649566,186
1275.0,1280.0,1277.5,0.00020841087,0.0010420543,182
1280.0,1285.0,1282.5,0.00022329736,0.0011164868,195
1285.0,1290.0,1287.5,0.00025307034,0.0012653517,221
1290.0,1295.0,1292.5,0.00020955598,0.0010477799,183
1295.0,1300.0,1297.5,0.00023932896,0.0011966448,209
1300.0,1305.0,1302.5,0.00018436346,0.0009218173,161
1305.0,1310.0,1307.5,0.00020726575,0.0010363288,181
1310.0,1315.0,1312.5,0.00023360339,0.0011680169,204
1315.0,1320.0,1317.5,0.00024390942,0.0012195471,213
1320.0,1325.0,1322.5,0.00023703873,0.0011851937,207
1325.0,1330.0,1327.5,0.00022215224,0.0011107612,194
1330.0,1335.0,1332.5,0.00021413644,0.0010706822,187
1335.0,1340.0,1337.5,0.00023589362,0.0011794681,206
1340.0,1345.0,1342.5,0.00020612064,0.0010306032,180
1345.0,1350.0,1347.5,0.00021413644,0.0010706822,187
1350.0,1355.0,1352.5,0.00021528156,0.0010764078,188
1355.0,1360.0,1357.5,0.0001877988,0.00093899402,164
1360.0,1365.0,1362.5,0.00018550857,0.00092754287,162
1365.0,1370.0,1367.5,0.00020841087,0.0010420543,182
1370.0,1375.0,1372.5,0.00022329736,0.0011164868,195
1375.0,1380.0,1377.5,0.00020039506,0.0010019753,175
1380.0,1385.0,1382.5,0.00020726575,0.0010363288,181
1385.0,1390.0,1387.5,0.00016833185,0.00084165927,147
1390.0,1395.0,1392.5,0.00019695972,0.0009847986,172
1395.0,1400.0,1397.5,0.00023589362,0.0011794681,206
1400.0,1405.0,1402.5,0.00019581461,0.00097907303,171
1405.0,1410.0,1407.5,0.00019810484,0.00099052418,173
1410.0,1415.0,1412.5,0.00017062208,0.00085311042,149
1415.0,1420.0,1417.5,0.00020497552,0.0010248776,179
1420.0,1425.0,1422.5,0.00024848988,0.0012424494,217
1425.0,1430.0,1427.5,0.00024619965,0.0012309983,215
1430.0,1435.0,1432.5,0.00020612064,0.0010306032,180
1435.0,1440.0,1437.5,0.00020268529,0.0010134265,177
1440.0,1445.0,1442.5,0.00018550857,0.00092754287,162
1445.0,1450.0,1447.5,0.00020497552,0.0010248776,179
1450.0,1455.0,1452.5,0.00020383041,0.001019152,178
1455.0,1460.0,1457.5,0.00019810484,0.00099052418,173
1460.0,1465.0,1462.5,0.00019237926,0.00096189631,168
1465.0,1470.0,1467.5,0.00019123415,0.00095617074,167
1470.0,1475.0,1472.5,0.00017749277,0.00088746386,155
1475.0,1480.0,1477.5,0.00018436346,0.0009218173,161
1480.0,1485.0,1482.5,0.00017405743,0.00087028714,152
1485.0,1490.0,1487.5,0.00020497552,0.0010248776,179
1490.0,1495.0,1492.5,0.00022215224,0.0011107612,194
1495.0,1500.0,1497.5,0.00019581461,0.00097907303,171
1500.0,1505.0,1502.5,0.000179783,0.000898915,157
1505.0,1510.0,1507.5,0.00019695972,0.0009847986,172
1510.0,1515.0,1512.5,0.00026452149,0.0013226074,231
1515.0,1520.0,1517.5,0.00021528156,0.0010764078,188
1520.0,1525.0,1522.5,0.00021642667,0.0010821333,189
1525.0,1530.0,1527.5,0.00021986201,0.0010993101,192
1530.0,1535.0,1532.5,0.00024619965,0.0012309983,215
1535.0,1540.0,1537.5,0.00020955598,0.0010477799,183
1540.0,1545.0,1542.5,0.00020268529,0.0010134265,177
1545.0,1550.0,1547.5,0.00021184621,0.0010592311,185
1550.0,1555.0,1552.5,0.00021299133,0.0010649566,186
1555.0,1560.0,1557.5,0.00020841087,0.0010420543,182
1560.0,1565.0,1562.5,0.00020154018,0.0010077009,176
1565.0,1570.0,1567.5,0.00015230025,0.00076150125,133
1570.0,1575.0,1572.5,0.00019237926,0.00096189631,168
1575.0,1580.0,1577.5,0.0001877988,0.00093899402,164
1580.0,1585.0,1582.5,0.00019123415,0.00095617074,167
1585.0,1590.0,1587.5,0.00017749277,0.00088746386,155
1590.0,1595.0,1592.5,0.00020383041,0.001019152,178
1595.0,1600.0,1597.5,0.00019352438,0.00096762188,169
1600.0,1605.0,1602.5,0.00021642667,0.0010821333,189
1605.0,1610.0,1607.5,0.00020497552,0.0010248776,179
1610.0,1615.0,1612.5,0.00016718674,0.0008359337,146
1615.0,1620.0,1617.5,0.00019123415,0.00095617074,167
1620.0,1625.0,1622.5,0.00023589362,0.0011794681,206
1625.0,1630.0,1627.5,0.00022558759,0.0011279379,197
1630.0,1635.0,1632.5,0.00018894392,0.00094471959,165
1635.0,1640.0,1637.5,0.00022902293,0.0011451147,200
1640.0,1645.0,1642.5,0.00022100713,0.0011050356,193
1645.0,1650.0,1647.5,0.00022215224,0.0011107612,194
1650.0,1655.0,1652.5,0.00020841087,0.0010420543,182
1655.0,1660.0,1657.5,0.00018550857,0.00092754287,162
1660.0,1665.0,1662.5,0.00018550857,0.00092754287,162
1665.0,1670.0,1667.5,0.00018550857,0.00092754287,162
1670.0,1675.0,1672.5,0.00016146117,0.00080730583,141
1675.0,1680.0,1677.5,0.00018436346,0.0009218173,161
1680.0,1685.0,1682.5,0.00018550857,0.00092754287,162
1685.0,1690.0,1687.5,0.00015917094,0.00079585468,139
1690.0,1695.0,1692.5,0.0001717672,0.00085883599,150
1695.0,1700.0,1697.5,0.00016718674,0.0008359337,146
1700.0,1705.0,1702.5,0.00015115513,0.00075577567,132
1705.0,1710.0,1707.5,0.00020268529,0.0010134265,177
1710.0,1715.0,1712.5,0.00018207323,0.00091036615,159
1715.0,1720.0,1717.5,0.00018894392,0.00094471959,165
1720.0,1725.0,1722.5,0.00015802582,0.00079012911,138
1725.0,1730.0,1727.5,0.000179783,0.000898915,157
1730.0,1735.0,1732.5,0.00017291231,0.00086456156,151
1735.0,1740.0,1737.5,0.00020039506,0.0010019753,175
1740.0,1745.0,1742.5,0.00018092812,0.00090464058,158
1745.0,1750.0,1747.5,0.00018894392,0.00094471959,165
1750.0,1755.0,1752.5,0.00018550857,0.00092754287,162
1755.0,1760.0,1757.5,0.00018550857,0.00092754287,162
1760.0,1765.0,1762.5,0.00019008903,0.00095044516,166
1765.0,1770.0,1767.5,0.00016031605,0.00080158026,140
1770.0,1775.0,1772.5,0.00017634766,0.00088173828,154
1775.0,1780.0,1777.5,0.00016604162,0.00083020812,145
1780.0,1785.0,1782.5,0.0001717672,0.00085883599,150
1785.0,1790.0,1787.5,0.00018550857,0.00092754287,162
1790.0,1795.0,1792.5,0.00015917094,0.00079585468,139
1795.0,1800.0,1797.5,0.00015917094,0.00079585468,139
1800.0,1805.0,1802.5,0.00015230025,0.00076150125,133
1805.0,1810.0,1807.5,0.00017291231,0.00086456156,151
1810.0,1815.0,1812.5,0.00015802582,0.00079012911,138
1815.0,1820.0,1817.5,0.00016489651,0.00082448255,144
1820.0,1825.0,1822.5,0.00017291231,0.00086456156,151
1825.0,1830.0,1827.5,0.00016947697,0.00084738484,148
1830.0,1835.0,1832.5,0.00016947697,0.00084738484,148
1835.0,1840.0,1837.5,0.00018321834,0.00091609172,160
1840.0,1845.0,1842.5,0.00016947697,0.00084738484,148
1845.0,1850.0,1847.5,0.00019352438,0.00096762188,169
1850.0,1855.0,1852.5,0.00019237926,0.00096189631,168
1855.0,1860.0,1857.5,0.00016031605,0.00080158026,140
1860.0,1865.0,1862.5,0.0001877988,0.00093899402,164
1865.0,1870.0,1867.5,0.00017520254,0.00087601271,153
1870.0,1875.0,1872.5,0.00016489651,0.00082448255,144
1875.0,1880.0,1877.5,0.00015688071,0.00078440354,137
1880.0,1885.0,1882.5,0.00015573559,0.00077867797,136
1885.0,1890.0,1887.5,0.00016947697,0.00084738484,148
1890.0,1895.0,1892.5,0.00015001002,0.0007500501,131
1895.0,1900.0,1897.5,0.00016604162,0.00083020812,145
1900.0,1905.0,1902.5,0.00017405743,0.00087028714,152
1905.0,1910.0,1907.5,0.00016031605,0.00080158026,140
1910.0,1915.0,1912.5,0.00015573559,0.00077867797,136
1915.0,1920.0,1917.5,0.00016489651,0.00082448255,144
1920.0,1925.0,1922.5,0.00013970399,0.00069851994,122
1925.0,1930.0,1927.5,0.00016833185,0.00084165927,147
1930.0,1935.0,1932.5,0.00017749277,0.00088746386,155
1935.0,1940.0,1937.5,0.00017520254,0.00087601271,153
1940.0,1945.0,1942.5,0.0001637514,0.00081875698,143
1945.0,1950.0,1947.5,0.00012939796,0.00064698978,113
1950.0,1955.0,1952.5,0.00016718674,0.0008359337,146
1955.0,1960.0,1957.5,0.00019810484,0.00099052418,173
1960.0,1965.0,1962.5,0.00015344536,0.00076722682,134
1965.0,1970.0,1967.5,0.00017062208,0.00085311042,149
1970.0,1975.0,1972.5,0.00018092812,0.00090464058,158
1975.0,1980.0,1977.5,0.00014771979,0.00073859895,129
1980.0,1985.0,1982.5,0.00015917094,0.00079585468,139
1985.0,1990.0,1987.5,0.00016146117,0.00080730583,141
1990.0,1995.0,1992.5,0.00017062208,0.00085311042,149
1995.0,2000.0,1997.5,0.0001717672,0.00085883599,150
2000.0,2005.0,2002.5,0.00015688071,0.00078440354,137
2005.0,2010.0,2007.5,0.00015688071,0.00078440354,137
2010.0,2015.0,2012.5,0.00016146117,0.00080730583,141
2015.0,2020.0,2017.5,0.00015688071,0.00078440354,137
2020.0,2025.0,2022.5,0.0001408491,0.00070424551,123
2025.0,2030.0,2027.5,0.00015688071,0.00078440354,137
2030.0,2035.0,2032.5,0.00014886491,0.00074432453,130
2035.0,2040.0,2037.5,0.00014886491,0.00074432453,130
2040.0,2045.0,2042.5,0.00014313933,0.00071569666,125
2045.0,2050.0,2047.5,0.00015573559,0.00077867797,136
2050.0,2055.0,2052.5,0.00014313933,0.00071569666,125
2055.0,2060.0,2057.5,0.0001637514,0.00081875698,143
2060.0,2065.0,2062.5,0.00013855887,0.00069279437,121
2065.0,2070.0,2067.5,0.00015917094,0.00079585468,139
2070.0,2075.0,2072.5,0.00014657468,0.00073287338,128
2075.0,2080.0,2077.5,0.00011680169,0.00058400847,102
2080.0,2085.0,2082.5,0.00016604162,0.00083020812,145
2085.0,2090.0,2087.5,0.00015001002,0.0007500501,131
2090.0,2095.0,2092.5,0.00016260628,0.0008130314,142
2095.0,2100.0,2097.5,0.0001408491,0.00070424551,123
2100.0,2105.0,2102.5,0.00015344536,0.00076722682,134
2105.0,2110.0,2107.5,0.0001248175,0.00062408749,109
2110.0,2115.0,2112.5,0.0001328333,0.0006641665,116
2115.0,2120.0,2117.5,0.00014199422,0.00070997109,124
2120.0,2125.0,2122.5,0.00014886491,0.00074432453,130
2125.0,2130.0,2127.5,0.00012138215,0.00060691077,106
2130.0,2135.0,2132.5,0.00015688071,0.00078440354,137
2135.0,2140.0,2137.5,0.00015344536,0.00076722682,134
2140.0,2145.0,2142.5,0.00014542956,0.00072714781,127
2145.0,2150.0,2147.5,0.00013168819,0.00065844093,115
2150.0,2155.0,2152.5,0.00014428445,0.00072142223,126
2155.0,2160.0,2157.5,0.00016604162,0.00083020812,145
2160.0,2165.0,2162.5,0.00012367238,0.00061836191,108
2165.0,2170.0,2167.5,0.00014657468,0.00073287338,128
2170.0,2175.0,2172.5,0.00015230025,0.00076150125,133
2175.0,2180.0,2177.5,0.00013626864,0.00068134322,119
2180.0,2185.0,2182.5,0.00014542956,0.00072714781,127
2185.0,2190.0,2187.5,0.00013741376,0.00068706879,120
2190.0,2195.0,2192.5,0.00013855887,0.00069279437,121
2195.0,2200.0,2197.5,0.00013855887,0.00069279437,121
2200.0,2205.0,2202.5,0.00012825284,0.00064126421,112
2205.0,2210.0,2207.5,0.00014771979,0.00073859895,129
2210.0,2215.0,2212.5,0.00013741376,0.00068706879,120
2215.0,2220.0,2217.5,0.00012367238,0.00061836191,108
2220.0,2225.0,2222.5,0.00012939796,0.00064698978,113
2225.0,2230.0,2227.5,0.00013054307,0.00065271535,114
2230.0,2235.0,2232.5,0.00012138215,0.00060691077,106
2235.0,2240.0,2237.5,0.00011794681,0.00058973405,103
2240.0,2245.0,2242.5,0.00012023704,0.00060118519,105
2245.0,2250.0,2247.5,0.00012367238,0.00061836191,108
2250.0,2255.0,2252.5,0.00013855887,0.00069279437,121
2255.0,2260.0,2257.5,0.00011909192,0.00059545962,104
2260.0,2265.0,2262.5,0.00013855887,0.00069279437,121
2265.0,2270.0,2267.5,0.00013054307,0.00065271535,114
2270.0,2275.0,2272.5,0.0001328333,0.0006641665,116
2275.0,2280.0,2277.5,0.00010993101,0.00054965503,96
2280.0,2285.0,2282.5,0.00013741376,0.00068706879,120
2285.0,2290.0,2287.5,0.00014428445,0.00072142223,126
2290.0,2295.0,2292.5,0.00012367238,0.00061836191,108
2295.0,2300.0,2297.5,0.00014771979,0.00073859895,129
2300.0,2305.0,2302.5,8.7028714e-05,0.00043514357,76
2305.0,2310.0,2307.5,0.0001328333,0.0006641665,116
2310.0,2315.0,2312.5,0.00013855887,0.00069279437,121
2315.0,2320.0,2317.5,0.00014199422,0.00070997109,124
2320.0,2325.0,2322.5,0.00012138215,0.00060691077,106
2325.0,2330.0,2327.5,0.00011451147,0.00057255733,100
2330.0,2335.0,2332.5,0.00010878589,0.00054392946,95
2335.0,2340.0,2337.5,0.00010649566,0.00053247831,93
2340.0,2345.0,2342.5,0.00011451147,0.00057255733,100
2345.0,2350.0,2347.5,0.00011107612,0.00055538061,97
2350.0,2355.0,2352.5,0.0001248175,0.00062408749,109
2355.0,2360.0,2357.5,0.00010306032,0.00051530159,90
2360.0,2365.0,2362.5,0.00011107612,0.00055538061,97
2365.0,2370.0,2367.5,0.0001019152,0.00050957602,89
2370.0,2375.0,2372.5,0.0001019152,0.00050957602,89
2375.0,2380.0,2377.5,0.00011680169,0.00058400847,102
2380.0,2385.0,2382.5,0.00012710773,0.00063553863,111
2385.0,2390.0,2387.5,0.00010878589,0.00054392946,95
2390.0,2395.0,2392.5,0.00012367238,0.00061836191,108
2395.0,2400.0,2397.5,0.00013054307,0.00065271535,114
2400.0,2405.0,2402.5,0.00013741376,0.00068706879,120
2405.0,2410.0,2407.5,0.00011222124,0.00056110618,98
2410.0,2415.0,2412.5,0.00010420543,0.00052102717,91
2415.0,2420.0,2417.5,0.00010649566,0.00053247831,93
2420.0,2425.0,2422.5,0.00010649566,0.00053247831,93
2425.0,2430.0,2427.5,0.00010649566,0.00053247831,93
2430.0,2435.0,2432.5,9.847986e-05,0.0004923993,86
2435.0,2440.0,2437.5,9.2754287e-05,0.00046377144,81
2440.0,2445.0,2442.5,9.847986e-05,0.0004923993,86
2445.0,2450.0,2447.5,0.00011565658,0.0005782829,101
2450.0,2455.0,2452.5,9.2754287e-05,0.00046377144,81
2455.0,2460.0,2457.5,8.9318943e-05,0.00044659472,78
2460.0,2465.0,2462.5,0.0001019152,0.00050957602,89
2465.0,2470.0,2467.5,0.00010993101,0.00054965503,96
2470.0,2475.0,2472.5,9.3899402e-05,0.00046949701,82
2475.0,2480.0,2477.5,0.00012138215,0.00060691077,106
2480.0,2485.0,2482.5,9.9624975e-05,0.00049812487,87
2485.0,2490.0,2487.5,0.00012367238,0.00061836191,108
2490.0,2495.0,2492.5,9.5044516e-05,0.00047522258,83
2495.0,2500.0,2497.5,0.00011336635,0.00056683175,99
2500.0,2505.0,2502.5,0.0001248175,0.00062408749,109
2505.0,2510.0,2507.5,0.00010764078,0.00053820389,94
2510.0,2515.0,2512.5,9.847986e-05,0.0004923993,86
2515.0,2520.0,2517.5,0.00011222124,0.00056110618,98
2520.0,2525.0,2522.5,0.00010306032,0.00051530159,90
2525.0,2530.0,2527.5,0.00010306032,0.00051530159,90
2530.0,2535.0,2532.5,8.0158026e-05,0.00040079013,70
2535.0,2540.0,2537.5,0.00012596261,0.00062981306,110
2540.0,2545.0,2542.5,0.00010993101,0.00054965503,96
2545.0,2550.0,2547.5,0.00011680169,0.00058400847,102
2550.0,2555.0,2552.5,9.3899402e-05,0.00046949701,82
2555.0,2560.0,2557.5,0.00011565658,0.0005782829,101
2560.0,2565.0,2562.5,0.00010993101,0.00054965503,96
2565.0,2570.0,2567.5,9.7334746e-05,0.00048667373,85
2570.0,2575.0,2572.5,0.00011451147,0.00057255733,100
2575.0,2580.0,2577.5,8.130314e-05,0.0004065157,71
2580.0,2585.0,2582.5,0.00010535055,0.00052675274,92
2585.0,2590.0,2587.5,9.5044516e-05,0.00047522258,83
2590.0,2595.0,2592.5,0.00012252727,0.00061263634,107
2595.0,2600.0,2597.5,0.00011451147,0.00057255733,100
2600.0,2605.0,2602.5,8.7028714e-05,0.00043514357,76
2605.0,2610.0,2607.5,0.00010420543,0.00052102717,91
2610.0,2615.0,2612.5,0.00011107612,0.00055538061,97
2615.0,2620.0,2617.5,0.00010764078,0.00053820389,94
2620.0,2625.0,2622.5,0.00010306032,0.00051530159,90
2625.0,2630.0,2627.5,0.00010420543,0.00052102717,91
2630.0,2635.0,2632.5,0.00010535055,0.00052675274,92
2635.0,2640.0,2637.5,8.8173828e-05,0.00044086914,77
2640.0,2645.0,2642.5,0.00010077009,0.00050385045,88
2645.0,2650.0,2647.5,8.9318943e-05,0.00044659472,78
2650.0,2655.0,2652.5,7.6722682e-05,0.00038361341,67
2655.0,2660.0,2657.5,9.0464058e-05,0.00045232029,79
2660.0,2665.0,2662.5,9.6189631e-05,0.00048094815,84
2665.0,2670.0,2667.5,9.2754287e-05,0.00046377144,81
2670.0,2675.0,2672.5,7.2142223e-05,0.00036071112,63
2675.0,2680.0,2677.5,8.7028714e-05,0.00043514357,76
2680.0,2685.0,2682.5,9.7334746e-05,0.00048667373,85
2685.0,2690.0,2687.5,9.3899402e-05,0.00046949701,82
2690.0,2695.0,2692.5,9.7334746e-05,0.00048667373,85
2695.0,2700.0,2697.5,9.5044516e-05,0.00047522258,83
2700.0,2705.0,2702.5,0.00010420543,0.00052102717,91
2705.0,2710.0,2707.5,7.5577567e-05,0.00037788784,66
2710.0,2715.0,2712.5,9.5044516e-05,0.00047522258,83
2715.0,2720.0,2717.5,8.359337e-05,0.00041796685,73
2720.0,2725.0,2722.5,0.00011222124,0.00056110618,98
2725.0,2730.0,2727.5,0.00010535055,0.00052675274,92
2730.0,2735.0,2732.5,0.00010993101,0.00054965503,96
2735.0,2740.0,2737.5,0.00010420543,0.00052102717,91
2740.0,2745.0,2742.5,7.3287338e-05,0.00036643669,64
2745.0,2750.0,2747.5,9.5044516e-05,0.00047522258,83
2750.0,2755.0,2752.5,0.00011107612,0.00055538061,97
2755.0,2760.0,2757.5,8.130314e-05,0.0004065157,71
2760.0,2765.0,2762.5,7.4432453e-05,0.00037216226,65
2765.0,2770.0,2767.5,9.7334746e-05,0.00048667373,85
2770.0,2775.0,2772.5,9.5044516e-05,0.00047522258,83
2775.0,2780.0,2777.5,8.359337e-05,0.00041796685,73
2780.0,2785.0,2782.5,8.9318943e-05,0.00044659472,78
2785.0,2790.0,2787.5,8.5883599e-05,0.000429418,75
2790.0,2795.0,2792.5,9.847986e-05,0.0004923993,86
2795.0,2800.0,2797.5,0.00010077009,0.00050385045,88
2800.0,2805.0,2802.5,9.0464058e-05,0.00045232029,79
2805.0,2810.0,2807.5,9.0464058e-05,0.00045232029,79
2810.0,2815.0,2812.5,9.847986e-05,0.0004923993,86
2815.0,2820.0,2817.5,8.130314e-05,0.0004065157,71
2820.0,2825.0,2822.5,7.2142223e-05,0.00036071112,63
2825.0,2830.0,2827.5,8.7028714e-05,0.00043514357,76
2830.0,2835.0,2832.5,6.5271535e-05,0.00032635768,57
2835.0,2840.0,2837.5,8.2448255e-05,0.00041224128,72
2840.0,2845.0,2842.5,8.8173828e-05,0.00044086914,77
2845.0,2850.0,2847.5,9.2754287e-05,0.00046377144,81
2850.0,2855.0,2852.5,8.4738484e-05,0.00042369242,74
2855.0,2860.0,2857.5,8.7028714e-05,0.00043514357,76
2860.0,2865.0,2862.5,0.00010649566,0.00053247831,93
2865.0,2870.0,2867.5,8.5883599e-05,0.000429418,75
2870.0,2875.0,2872.5,7.9012911e-05,0.00039506456,69
2875.0,2880.0,2877.5,7.7867797e-05,0.00038933898,68
2880.0,2885.0,2882.5,7.6722682e-05,0.00038361341,67
2885.0,2890.0,2887.5,8.7028714e-05,0.00043514357,76
2890.0,2895.0,2892.5,9.0464058e-05,0.00045232029,79
2895.0,2900.0,2897.5,6.1836191e-05,0.00030918096,54
2900.0,2905.0,2902.5,9.847986e-05,0.0004923993,86
2905.0,2910.0,2907.5,6.4126421e-05,0.0003206321,56
2910.0,2915.0,2912.5,8.7028714e-05,0.00043514357,76
2915.0,2920.0,2917.5,8.130314e-05,0.0004065157,71
2920.0,2925.0,2922.5,9.2754287e-05,0.00046377144,81
2925.0,2930.0,2927.5,8.0158026e-05,0.00040079013,70
2930.0,2935.0,2932.5,8.359337e-05,0.00041796685,73
2935.0,2940.0,2937.5,8.2448255e-05,0.00041224128,72
2940.0,2945.0,2942.5,9.9624975e-05,0.00049812487,87
2945.0,2950.0,2947.5,9.0464058e-05,0.00045232029,79
2950.0,2955.0,2952.5,9.2754287e-05,0.00046377144,81
2955.0,2960.0,2957.5,6.5271535e-05,0.00032635768,57
2960.0,2965.0,2962.5,7.7867797e-05,0.00038933898,68
2965.0,2970.0,2967.5,9.1609172e-05,0.00045804586,80
2970.0,2975.0,2972.5,8.130314e-05,0.0004065157,71
2975.0,2980.0,2977.5,7.2142223e-05,0.00036071112,63
2980.0,2985.0,2982.5,7.3287338e-05,0.00036643669,64
2985.0,2990.0,2987.5,7.4432453e-05,0.00037216226,65
2990.0,2995.0,2992.5,7.9012911e-05,0.00039506456,69
2995.0,3000.0,2997.5,8.7028714e-05,0.00043514357,76
3000.0,3005.0,3002.5,7.9012911e-05,0.00039506456,69
3005.0,3010.0,3007.5,8.4738484e-05,0.00042369242,74
3010.0,3015.0,3012.5,7.4432453e-05,0.00037216226,65
3015.0,3020.0,3017.5,6.641665e-05,0.00033208325,58
3020.0,3025.0,3022.5,7.7867797e-05,0.00038933898,68
3025.0,3030.0,3027.5,6.641665e-05,0.00033208325,58
3030.0,3035.0,3032.5,7.0997109e-05,0.00035498554,62
3035.0,3040.0,3037.5,9.2754287e-05,0.00046377144,81
3040.0,3045.0,3042.5,7.5577567e-05,0.00037788784,66
3045.0,3050.0,3047.5,8.2448255e-05,0.00041224128,72
3050.0,3055.0,3052.5,7.2142223e-05,0.00036071112,63
3055.0,3060.0,3057.5,8.9318943e-05,0.00044659472,78
3060.0,3065.0,3062.5,8.7028714e-05,0.00043514357,76
3065.0,3070.0,3067.5,9.3899402e-05,0.00046949701,82
3070.0,3075.0,3072.5,8.0158026e-05,0.00040079013,70
3075.0,3080.0,3077.5,8.359337e-05,0.00041796685,73
3080.0,3085.0,3082.5,7.9012911e-05,0.00039506456,69
3085.0,3090.0,3087.5,7.9012911e-05,0.00039506456,69
3090.0,3095.0,3092.5,6.7561765e-05,0.00033780882,59
3095.0,3100.0,3097.5,6.8706879e-05,0.0003435344,60
3100.0,3105.0,3102.5,6.5271535e-05,0.00032635768,57
3105.0,3110.0,3107.5,8.4738484e-05,0.00042369242,74
3110.0,3115.0,3112.5,6.641665e-05,0.00033208325,58
3115.0,3120.0,3117.5,7.2142223e-05,0.00036071112,63
3120.0,3125.0,3122.5,7.0997109e-05,0.00035498554,62
3125.0,3130.0,3127.5,7.9012911e-05,0.00039506456,69
3130.0,3135.0,3132.5,7.6722682e-05,0.00038361341,67
3135.0,3140.0,3137.5,6.1836191e-05,0.00030918096,54
3140.0,3145.0,3142.5,6.0691077e-05,0.00030345538,53
3145.0,3150.0,3147.5,8.130314e-05,0.0004065157,71
3150.0,3155.0,3152.5,5.6110618e-05,0.00028055309,49
3155.0,3160.0,3157.5,8.0158026e-05,0.00040079013,70
3160.0,3165.0,3162.5,7.2142223e-05,0.00036071112,63
3165.0,3170.0,3167.5,6.7561765e-05,0.00033780882,59
3170.0,3175.0,3172.5,6.8706879e-05,0.0003435344,60
3175.0,3180.0,3177.5,7.7867797e-05,0.00038933898,68
3180.0,3185.0,3182.5,6.5271535e-05,0.00032635768,57
3185.0,3190.0,3187.5,7.6722682e-05,0.00038361341,67
3190.0,3195.0,3192.5,8.7028714e-05,0.00043514357,76
3195.0,3200.0,3197.5,8.2448255e-05,0.00041224128,72
3200.0,3205.0,3202.5,9.0464058e-05,0.00045232029,79
3205.0,3210.0,3207.5,8.130314e-05,0.0004065157,71
3210.0,3215.0,3212.5,8.9318943e-05,0.00044659472,78
3215.0,3220.0,3217.5,7.0997109e-05,0.00035498554,62
3220.0,3225.0,3222.5,7.7867797e-05,0.00038933898,68
3225.0,3230.0,3227.5,6.1836191e-05,0.00030918096,54
3230.0,3235.0,3232.5,7.5577567e-05,0.00037788784,66
3235.0,3240.0,3237.5,8.2448255e-05,0.00041224128,72
3240.0,3245.0,3242.5,8.2448255e-05,0.00041224128,72
3245.0,3250.0,3247.5,6.5271535e-05,0.00032635768,57
3250.0,3255.0,3252.5,6.7561765e-05,0.00033780882,59
3255.0,3260.0,3257.5,7.6722682e-05,0.00038361341,67
3260.0,3265.0,3262.5,8.4738484e-05,0.00042369242,74
3265.0,3270.0,3267.5,6.8706879e-05,0.0003435344,60
3270.0,3275.0,3272.5,6.641665e-05,0.00033208325,58
3275.0,3280.0,3277.5,7.5577567e-05,0.00037788784,66
3280.0,3285.0,3282.5,8.359337e-05,0.00041796685,73
3285.0,3290.0,3287.5,8.7028714e-05,0.00043514357,76
3290.0,3295.0,3292.5,7.9012911e-05,0.00039506456,69
3295.0,3300.0,3297.5,7.3287338e-05,0.00036643669,64
3300.0,3305.0,3302.5,8.130314e-05,0.0004065157,71
3305.0,3310.0,3307.5,9.847986e-05,0.0004923993,86
3310.0,3315.0,3312.5,7.9012911e-05,0.00039506456,69
3315.0,3320.0,3317.5,7.3287338e-05,0.00036643669,64
3320.0,3325.0,3322.5,6.5271535e-05,0.00032635768,57
3325.0,3330.0,3327.5,6.8706879e-05,0.0003435344,60
3330.0,3335.0,3332.5,8.0158026e-05,0.00040079013,70
3335.0,3340.0,3337.5,7.5577567e-05,0.00037788784,66
3340.0,3345.0,3342.5,6.4126421e-05,0.0003206321,56
3345.0,3350.0,3347.5,8.359337e-05,0.00041796685,73
3350.0,3355.0,3352.5,6.0691077e-05,0.00030345538,53
3355.0,3360.0,3357.5,6.2981306e-05,0.00031490653,55
3360.0,3365.0,3362.5,6.4126421e-05,0.0003206321,56
3365.0,3370.0,3367.5,8.8173828e-05,0.00044086914,77
3370.0,3375.0,3372.5,7.0997109e-05,0.00035498554,62
3375.0,3380.0,3377.5,8.0158026e-05,0.00040079013,70
3380.0,3385.0,3382.5,7.0997109e-05,0.00035498554,62
3385.0,3390.0,3387.5,7.3287338e-05,0.00036643669,64
3390.0,3395.0,3392.5,7.3287338e-05,0.00036643669,64
3395.0,3400.0,3397.5,9.0464058e-05,0.00045232029,79
3400.0,3405.0,3402.5,7.6722682e-05,0.00038361341,67
3405.0,3410.0,3407.5,8.130314e-05,0.0004065157,71
3410.0,3415.0,3412.5,6.2981306e-05,0.00031490653,55
3415.0,3420.0,3417.5,6.2981306e-05,0.00031490653,55
3420.0,3425.0,3422.5,8.359337e-05,0.00041796685,73
3425.0,3430.0,3427.5,6.7561765e-05,0.00033780882,59
3430.0,3435.0,3432.5,7.2142223e-05,0.00036071112,63
3435.0,3440.0,3437.5,8.359337e-05,0.00041796685,73
3440.0,3445.0,3442.5,5.9545962e-05,0.00029772981,52
3445.0,3450.0,3447.5,7.9012911e-05,0.00039506456,69
3450.0,3455.0,3452.5,7.9012911e-05,0.00039506456,69
3455.0,3460.0,3457.5,8.4738484e-05,0.00042369242,74
3460.0,3465.0,3462.5,7.6722682e-05,0.00038361341,67
3465.0,3470.0,3467.5,8.359337e-05,0.00041796685,73
3470.0,3475.0,3472.5,8.8173828e-05,0.00044086914,77
3475.0,3480.0,3477.5,5.7255733e-05,0.00028627866,50
3480.0,3485.0,3482.5,7.4432453e-05,0.00037216226,65
3485.0,3490.0,3487.5,7.6722682e-05,0.00038361341,67
3490.0,3495.0,3492.5,7.2142223e-05,0.00036071112,63
3495.0,3500.0,3497.5,6.4126421e-05,0.0003206321,56
3500.0,3505.0,3502.5,7.5577567e-05,0.00037788784,66
3505.0,3510.0,3507.5,6.8706879e-05,0.0003435344,60
3510.0,3515.0,3512.5,5.9545962e-05,0.00029772981,52
3515.0,3520.0,3517.5,6.9851994e-05,0.00034925997,61
3520.0,3525.0,3522.5,6.5271535e-05,0.00032635768,57
3525.0,3530.0,3527.5,6.7561765e-05,0.00033780882,59
3530.0,3535.0,3532.5,6.9851994e-05,0.00034925997,61
3535.0,3540.0,3537.5,6.4126421e-05,0.0003206321,56
3540.0,3545.0,3542.5,7.2142223e-05,0.00036071112,63
3545.0,3550.0,3547.5,6.8706879e-05,0.0003435344,60
3550.0,3555.0,3552.5,6.641665e-05,0.00033208325,58
3555.0,3560.0,3557.5,7.4432453e-05,0.00037216226,65
3560.0,3565.0,3562.5,7.2142223e-05,0.00036071112,63
3565.0,3570.0,3567.5,7.0997109e-05,0.00035498554,62
3570.0,3575.0,3572.5,6.2981306e-05,0.00031490653,55
3575.0,3580.0,3577.5,6.641665e-05,0.00033208325,58
3580.0,3585.0,3582.5,6.1836191e-05,0.00030918096,54
3585.0,3590.0,3587.5,7.6722682e-05,0.00038361341,67
3590.0,3595.0,3592.5,8.2448255e-05,0.00041224128,72
3595.0,3600.0,3597.5,6.0691077e-05,0.00030345538,53
3600.0,3605.0,3602.5,6.9851994e-05,0.00034925997,61
3605.0,3610.0,3607.5,6.7561765e-05,0.00033780882,59
3610.0,3615.0,3612.5,7.3287338e-05,0.00036643669,64
3615.0,3620.0,3617.5,6.9851994e-05,0.00034925997,61
3620.0,3625.0,3622.5,7.7867797e-05,0.00038933898,68
3625.0,3630.0,3627.5,8.0158026e-05,0.00040079013,70
3630.0,3635.0,3632.5,7.0997109e-05,0.00035498554,62
3635.0,3640.0,3637.5,7.6722682e-05,0.00038361341,67
3640.0,3645.0,3642.5,7.3287338e-05,0.00036643669,64
3645.0,3650.0,3647.5,7.6722682e-05,0.00038361341,67
3650.0,3655.0,3652.5,6.9851994e-05,0.00034925997,61
3655.0,3660.0,3657.5,7.4432453e-05,0.00037216226,65
3660.0,3665.0,3662.5,8.0158026e-05,0.00040079013,70
3665.0,3670.0,3667.5,6.5271535e-05,0.00032635768,57
3670.0,3675.0,3672.5,6.9851994e-05,0.00034925997,61
3675.0,3680.0,3677.5,6.9851994e-05,0.00034925997,61
3680.0,3685.0,3682.5,5.3820389e-05,0.00026910194,47
3685.0,3690.0,3687.5,6.1836191e-05,0.00030918096,54
3690.0,3695.0,3692.5,7.3287338e-05,0.00036643669,64
3695.0,3700.0,3697.5,7.3287338e-05,0.00036643669,64
3700.0,3705.0,3702.5,5.6110618e-05,0.00028055309,49
3705.0,3710.0,3707.5,7.3287338e-05,0.00036643669,64
3710.0,3715.0,3712.5,6.7561765e-05,0.00033780882,59
3715.0,3720.0,3717.5,7.3287338e-05,0.00036643669,64
3720.0,3725.0,3722.5,5.2675274e-05,0.00026337637,46
3725.0,3730.0,3727.5,6.2981306e-05,0.00031490653,55
3730.0,3735.0,3732.5,6.4126421e-05,0.0003206321,56
3735.0,3740.0,3737.5,6.4126421e-05,0.0003206321,56
3740.0,3745.0,3742.5,6.5271535e-05,0.00032635768,57
3745.0,3750.0,3747.5,6.4126421e-05,0.0003206321,56
3750.0,3755.0,3752.5,7.3287338e-05,0.00036643669,64
3755.0,3760.0,3757.5,6.4126421e-05,0.0003206321,56
3760.0,3765.0,3762.5,7.2142223e-05,0.00036071112,63
3765.0,3770.0,3767.5,7.7867797e-05,0.00038933898,68
3770.0,3775.0,3772.5,8.2448255e-05,0.00041224128,72
3775.0,3780.0,3777.5,5.9545962e-05,0.00029772981,52
3780.0,3785.0,3782.5,6.4126421e-05,0.0003206321,56
3785.0,3790.0,3787.5,6.4126421e-05,0.0003206321,56
3790.0,3795.0,3792.5,6.0691077e-05,0.00030345538,53
3795.0,3800.0,3797.5,6.1836191e-05,0.00030918096,54
3800.0,3805.0,3802.5,6.4126421e-05,0.0003206321,56
3805.0,3810.0,3807.5,7.9012911e-05,0.00039506456,69
3810.0,3815.0,3812.5,7.4432453e-05,0.00037216226,65
3815.0,3820.0,3817.5,7.0997109e-05,0.00035498554,62
3820.0,3825.0,3822.5,7.4432453e-05,0.00037216226,65
3825.0,3830.0,3827.5,8.4738484e-05,0.00042369242,74
3830.0,3835.0,3832.5,6.641665e-05,0.00033208325,58
3835.0,3840.0,3837.5,7.7867797e-05,0.00038933898,68
3840.0,3845.0,3842.5,6.7561765e-05,0.00033780882,59
3845.0,3850.0,3847.5,6.0691077e-05,0.00030345538,53
3850.0,3855.0,3852.5,7.4432453e-05,0.00037216226,65
3855.0,3860.0,3857.5,7.9012911e-05,0.00039506456,69
3860.0,3865.0,3862.5,6.641665e-05,0.00033208325,58
3865.0,3870.0,3867.5,6.7561765e-05,0.00033780882,59
3870.0,3875.0,3872.5,6.9851994e-05,0.00034925997,61
3875.0,3880.0,3877.5,7.9012911e-05,0.00039506456,69
3880.0,3885.0,3882.5,6.5271535e-05,0.00032635768,57
3885.0,3890.0,3887.5,6.2981306e-05,0.00031490653,55
3890.0,3895.0,3892.5,6.2981306e-05,0.00031490653,55
3895.0,3900.0,3897.5,5.6110618e-05,0.00028055309,49
3900.0,3905.0,3902.5,5.6110618e-05,0.00028055309,49
3905.0,3910.0,3907.5,6.4126421e-05,0.0003206321,56
3910.0,3915.0,3912.5,5.3820389e-05,0.00026910194,47
3915.0,3920.0,3917.5,6.7561765e-05,0.00033780882,59
3920.0,3925.0,3922.5,5.4965503e-05,0.00027482752,48
3925.0,3930.0,3927.5,6.0691077e-05,0.00030345538,53
3930.0,3935.0,3932.5,6.9851994e-05,0.00034925997,61
3935.0,3940.0,3937.5,6.641665e-05,0.00033208325,58
3940.0,3945.0,3942.5,7.3287338e-05,0.00036643669,64
3945.0,3950.0,3947.5,6.641665e-05,0.00033208325,58
3950.0,3955.0,3952.5,7.5577567e-05,0.00037788784,66
3955.0,3960.0,3957.5,4.923993e-05,0.00024619965,43
3960.0,3965.0,3962.5,6.0691077e-05,0.00030345538,53
3965.0,3970.0,3967.5,6.1836191e-05,0.00030918096,54
3970.0,3975.0,3972.5,5.7255733e-05,0.00028627866,50
3975.0,3980.0,3977.5,6.2981306e-05,0.00031490653,55
3980.0,3985.0,3982.5,6.7561765e-05,0.00033780882,59
3985.0,3990.0,3987.5,6.2981306e-05,0.00031490653,55
3990.0,3995.0,3992.5,6.8706879e-05,0.0003435344,60
3995.0,4000.0,3997.5,6.4126421e-05,0.0003206321,56
4000.0,4005.0,4002.5,6.4126421e-05,0.0003206321,56
4005.0,4010.0,4007.5,6.1836191e-05,0.00030918096,54
4010.0,4015.0,4012.5,6.7561765e-05,0.00033780882,59
4015.0,4020.0,4017.5,5.7255733e-05,0.00028627866,50
4020.0,4025.0,4022.5,6.4126421e-05,0.0003206321,56
4025.0,4030.0,4027.5,7.7867797e-05,0.00038933898,68
4030.0,4035.0,4032.5,6.5271535e-05,0.00032635768,57
4035.0,4040.0,4037.5,5.9545962e-05,0.00029772981,52
4040.0,4045.0,4042.5,6.0691077e-05,0.00030345538,53
4045.0,4050.0,4047.5,6.5271535e-05,0.00032635768,57
4050.0,4055.0,4052.5,5.7255733e-05,0.00028627866,50
4055.0,4060.0,4057.5,6.5271535e-05,0.00032635768,57
4060.0,4065.0,4062.5,5.1530159e-05,0.0002576508,45
4065.0,4070.0,4067.5,6.7561765e-05,0.00033780882,59
4070.0,4075.0,4072.5,6.5271535e-05,0.00032635768,57
4075.0,4080.0,4077.5,6.7561765e-05,0.00033780882,59
4080.0,4085.0,4082.5,5.3820389e-05,0.00026910194,47
4085.0,4090.0,4087.5,7.5577567e-05,0.00037788784,66
4090.0,4095.0,4092.5,6.641665e-05,0.00033208325,58
4095.0,4100.0,4097.5,8.0158026e-05,0.00040079013,70
4100.0,4105.0,4102.5,7.2142223e-05,0.00036071112,63
4105.0,4110.0,4107.5,6.9851994e-05,0.00034925997,61
4110.0,4115.0,4112.5,6.2981306e-05,0.00031490653,55
4115.0,4120.0,4117.5,4.3514357e-05,0.00021757178,38
4120.0,4125.0,4122.5,9.0464058e-05,0.00045232029,79
4125.0,4130.0,4127.5,5.8400847e-05,0.00029200424,51
4130.0,4135.0,4132.5,5.8400847e-05,0.00029200424,51
4135.0,4140.0,4137.5,6.7561765e-05,0.00033780882,59
4140.0,4145.0,4142.5,5.1530159e-05,0.0002576508,45
4145.0,4150.0,4147.5,6.0691077e-05,0.00030345538,53
4150.0,4155.0,4152.5,6.2981306e-05,0.00031490653,55
4155.0,4160.0,4157.5,7.4432453e-05,0.00037216226,65
4160.0,4165.0,4162.5,5.9545962e-05,0.00029772981,52
4165.0,4170.0,4167.5,5.8400847e-05,0.00029200424,51
4170.0,4175.0,4172.5,6.0691077e-05,0.00030345538,53
4175.0,4180.0,4177.5,6.4126421e-05,0.0003206321,56
4180.0,4185.0,4182.5,7.7867797e-05,0.00038933898,68
4185.0,4190.0,4187.5,5.8400847e-05,0.00029200424,51
4190.0,4195.0,4192.5,6.1836191e-05,0.00030918096,54
4195.0,4200.0,4197.5,7.0997109e-05,0.00035498554,62
4200.0,4205.0,4202.5,7.3287338e-05,0.00036643669,64
4205.0,4210.0,4207.5,5.8400847e-05,0.00029200424,51
4210.0,4215.0,4212.5,7.2142223e-05,0.00036071112,63
4215.0,4220.0,4217.5,6.2981306e-05,0.00031490653,55
4220.0,4225.0,4222.5,5.2675274e-05,0.00026337637,46
4225.0,4230.0,4227.5,5.6110618e-05,0.00028055309,49
4230.0,4235.0,4232.5,5.3820389e-05,0.00026910194,47
4235.0,4240.0,4237.5,6.641665e-05,0.00033208325,58
4240.0,4245.0,4242.5,6.1836191e-05,0.00030918096,54
4245.0,4250.0,4247.5,5.8400847e-05,0.00029200424,51
4250.0,4255.0,4252.5,5.8400847e-05,0.00029200424,51
4255.0,4260.0,4257.5,5.9545962e-05,0.00029772981,52
4260.0,4265.0,4262.5,6.4126421e-05,0.0003206321,56
4265.0,4270.0,4267.5,6.5271535e-05,0.00032635768,57
4270.0,4275.0,4272.5,6.9851994e-05,0.00034925997,61
4275.0,4280.0,4277.5,6.641665e-05,0.00033208325,58
4280.0,4285.0,4282.5,6.7561765e-05,0.00033780882,59
4285.0,4290.0,4287.5,7.2142223e-05,0.00036071112,63
4290.0,4295.0,4292.5,6.1836191e-05,0.00030918096,54
4295.0,4300.0,4297.5,5.8400847e-05,0.00029200424,51
4300.0,4305.0,4302.5,5.3820389e-05,0.00026910194,47
4305.0,4310.0,4307.5,6.641665e-05,0.00033208325,58
4310.0,4315.0,4312.5,6.8706879e-05,0.0003435344,60
4315.0,4320.0,4317.5,5.4965503e-05,0.00027482752,48
4320.0,4325.0,4322.5,5.0385045e-05,0.00025192522,44
4325.0,4330.0,4327.5,6.7561765e-05,0.00033780882,59
4330.0,4335.0,4332.5,6.1836191e-05,0.00030918096,54
4335.0,4340.0,4337.5,6.7561765e-05,0.00033780882,59
4340.0,4345.0,4342.5,5.3820389e-05,0.00026910194,47
4345.0,4350.0,4347.5,6.5271535e-05,0.00032635768,57
4350.0,4355.0,4352.5,5.2675274e-05,0.00026337637,46
4355.0,4360.0,4357.5,6.0691077e-05,0.00030345538,53
4360.0,4365.0,4362.5,4.8094815e-05,0.00024047408,42
4365.0,4370.0,4367.5,7.2142223e-05,0.00036071112,63
4370.0,4375.0,4372.5,6.641665e-05,0.00033208325,58
4375.0,4380.0,4377.5,3.435344e-05,0.0001717672,30
4380.0,4385.0,4382.5,6.2981306e-05,0.00031490653,55
4385.0,4390.0,4387.5,7.7867797e-05,0.00038933898,68
4390.0,4395.0,4392.5,5.3820389e-05,0.00026910194,47
4395.0,4400.0,4397.5,8.359337e-05,0.00041796685,73
4400.0,4405.0,4402.5,5.0385045e-05,0.00025192522,44
4405.0,4410.0,4407.5,5.6110618e-05,0.00028055309,49
4410.0,4415.0,4412.5,4.4659472e-05,0.00022329736,39
4415.0,4420.0,4417.5,4.923993e-05,0.00024619965,43
4420.0,4425.0,4422.5,5.3820389e-05,0.00026910194,47
4425.0,4430.0,4427.5,5.1530159e-05,0.0002576508,45
4430.0,4435.0,4432.5,7.2142223e-05,0.00036071112,63
4435.0,4440.0,4437.5,5.4965503e-05,0.00027482752,48
4440.0,4445.0,4442.5,5.3820389e-05,0.00026910194,47
4445.0,4450.0,4447.5,6.4126421e-05,0.0003206321,56
4450.0,4455.0,4452.5,5.6110618e-05,0.00028055309,49
4455.0,4460.0,4457.5,5.3820389e-05,0.00026910194,47
4460.0,4465.0,4462.5,5.3820389e-05,0.00026910194,47
4465.0,4470.0,4467.5,5.3820389e-05,0.00026910194,47
4470.0,4475.0,4472.5,5.7255733e-05,0.00028627866,50
4475.0,4480.0,4477.5,5.3820389e-05,0.00026910194,47
4480.0,4485.0,4482.5,6.5271535e-05,0.00032635768,57
4485.0,4490.0,4487.5,5.8400847e-05,0.00029200424,51
4490.0,4495.0,4492.5,6.0691077e-05,0.00030345538,53
4495.0,4500.0,4497.5,5.7255733e-05,0.00028627866,50
4500.0,4505.0,4502.5,5.8400847e-05,0.00029200424,51
4505.0,4510.0,4507.5,5.9545962e-05,0.00029772981,52
4510.0,4515.0,4512.5,5.2675274e-05,0.00026337637,46
4515.0,4520.0,4517.5,4.5804586e-05,0.00022902293,40
4520.0,4525.0,4522.5,5.3820389e-05,0.00026910194,47
4525.0,4530.0,4527.5,5.3820389e-05,0.00026910194,47
4530.0,4535.0,4532.5,4.923993e-05,0.00024619965,43
4535.0,4540.0,4537.5,5.8400847e-05,0.00029200424,51
4540.0,4545.0,4542.5,7.0997109e-05,0.00035498554,62
4545.0,4550.0,4547.5,4.923993e-05,0.00024619965,43
4550.0,4555.0,4552.5,6.0691077e-05,0.00030345538,53
4555.0,4560.0,4557.5,5.4965503e-05,0.00027482752,48
4560.0,4565.0,4562.5,4.8094815e-05,0.00024047408,42
4565.0,4570.0,4567.5,6.5271535e-05,0.00032635768,57
4570.0,4575.0,4572.5,6.1836191e-05,0.00030918096,54
4575.0,4580.0,4577.5,5.3820389e-05,0.00026910194,47
4580.0,4585.0,4582.5,5.9545962e-05,0.00029772981,52
4585.0,4590.0,4587.5,7.0997109e-05,0.00035498554,62
4590.0,4595.0,4592.5,5.6110618e-05,0.00028055309,49
4595.0,4600.0,4597.5,6.641665e-05,0.00033208325,58
4600.0,4605.0,4602.5,4.5804586e-05,0.00022902293,40
4605.0,4610.0,4607.5,4.5804586e-05,0.00022902293,40
4610.0,4615.0,4612.5,4.1224128e-05,0.00020612064,36
4615.0,4620.0,4617.5,6.7561765e-05,0.00033780882,59
4620.0,4625.0,4622.5,5.3820389e-05,0.00026910194,47
4625.0,4630.0,4627.5,6.4126421e-05,0.0003206321,56
4630.0,4635.0,4632.5,5.6110618e-05,0.00028055309,49
4635.0,4640.0,4637.5,5.4965503e-05,0.00027482752,48
4640.0,4645.0,4642.5,4.8094815e-05,0.00024047408,42
4645.0,4650.0,4647.5,6.4126421e-05,0.0003206321,56
4650.0,4655.0,4652.5,5.3820389e-05,0.00026910194,47
4655.0,4660.0,4657.5,4.923993e-05,0.00024619965,43
4660.0,4665.0,4662.5,4.923993e-05,0.00024619965,43
4665.0,4670.0,4667.5,4.3514357e-05,0.00021757178,38
4670.0,4675.0,4672.5,5.3820389e-05,0.00026910194,47
4675.0,4680.0,4677.5,5.4965503e-05,0.00027482752,48
4680.0,4685.0,4682.5,4.8094815e-05,0.00024047408,42
4685.0,4690.0,4687.5,5.2675274e-05,0.00026337637,46
4690.0,4695.0,4692.5,6.2981306e-05,0.00031490653,55
4695.0,4700.0,4697.5,5.3820389e-05,0.00026910194,47
4700.0,4705.0,4702.5,5.2675274e-05,0.00026337637,46
4705.0,4710.0,4707.5,4.6949701e-05,0.0002347485,41
4710.0,4715.0,4712.5,5.7255733e-05,0.00028627866,50
4715.0,4720.0,4717.5,6.0691077e-05,0.00030345538,53
4720.0,4725.0,4722.5,6.7561765e-05,0.00033780882,59
4725.0,4730.0,4727.5,5.6110618e-05,0.00028055309,49
4730.0,4735.0,4732.5,5.8400847e-05,0.00029200424,51
4735.0,4740.0,4737.5,5.7255733e-05,0.00028627866,50
4740.0,4745.0,4742.5,5.4965503e-05,0.00027482752,48
4745.0,4750.0,4747.5,3.5498554e-05,0.00017749277,31
4750.0,4755.0,4752.5,5.1530159e-05,0.0002576508,45
4755.0,4760.0,4757.5,6.8706879e-05,0.0003435344,60
4760.0,4765.0,4762.5,5.8400847e-05,0.00029200424,51
4765.0,4770.0,4767.5,6.7561765e-05,0.00033780882,59
4770.0,4775.0,4772.5,4.3514357e-05,0.00021757178,38
4775.0,4780.0,4777.5,4.5804586e-05,0.00022902293,40
4780.0,4785.0,4782.5,7.0997109e-05,0.00035498554,62
4785.0,4790.0,4787.5,4.8094815e-05,0.00024047408,42
4790.0,4795.0,4792.5,6.2981306e-05,0.00031490653,55
4795.0,4800.0,4797.5,5.8400847e-05,0.00029200424,51
4800.0,4805.0,4802.5,4.6949701e-05,0.0002347485,41
4805.0,4810.0,4807.5,4.4659472e-05,0.00022329736,39
4810.0,4815.0,4812.5,5.7255733e-05,0.00028627866,50
4815.0,4820.0,4817.5,6.2981306e-05,0.00031490653,55
4820.0,4825.0,4822.5,6.5271535e-05,0.00032635768,57
4825.0,4830.0,4827.5,5.0385045e-05,0.00025192522,44
4830.0,4835.0,4832.5,5.8400847e-05,0.00029200424,51
4835.0,4840.0,4837.5,4.8094815e-05,0.00024047408,42
4840.0,4845.0,4842.5,5.8400847e-05,0.00029200424,51
4845.0,4850.0,4847.5,5.8400847e-05,0.00029200424,51
4850.0,4855.0,4852.5,4.8094815e-05,0.00024047408,42
4855.0,4860.0,4857.5,5.4965503e-05,0.00027482752,48
4860.0,4865.0,4862.5,7.2142223e-05,0.00036071112,63
4865.0,4870.0,4867.5,5.1530159e-05,0.0002576508,45
4870.0,4875.0,4872.5,5.1530159e-05,0.0002576508,45
4875.0,4880.0,4877.5,6.2981306e-05,0.00031490653,55
4880.0,4885.0,4882.5,5.2675274e-05,0.00026337637,46
4885.0,4890.0,4887.5,4.3514357e-05,0.00021757178,38
4890.0,4895.0,4892.5,5.0385045e-05,0.00025192522,44
4895.0,4900.0,4897.5,5.4965503e-05,0.00027482752,48
4900.0,4905.0,4902.5,6.4126421e-05,0.0003206321,56
4905.0,4910.0,4907.5,6.7561765e-05,0.00033780882,59
4910.0,4915.0,4912.5,5.4965503e-05,0.00027482752,48
4915.0,4920.0,4917.5,4.923993e-05,0.00024619965,43
4920.0,4925.0,4922.5,4.2369242e-05,0.00021184621,37
4925.0,4930.0,4927.5,4.6949701e-05,0.0002347485,41
4930.0,4935.0,4932.5,4.0079013e-05,0.00020039506,35
4935.0,4940.0,4937.5,5.4965503e-05,0.00027482752,48
4940.0,4945.0,4942.5,5.3820389e-05,0.00026910194,47
4945.0,4950.0,4947.5,4.5804586e-05,0.00022902293,40
4950.0,4955.0,4952.5,4.8094815e-05,0.00024047408,42
4955.0,4960.0,4957.5,5.2675274e-05,0.00026337637,46
4960.0,4965.0,4962.5,5.4965503e-05,0.00027482752,48
4965.0,4970.0,4967.5,4.8094815e-05,0.00024047408,42
4970.0,4975.0,4972.5,4.6949701e-05,0.0002347485,41
4975.0,4980.0,4977.5,4.2369242e-05,0.00021184621,37
4980.0,4985.0,4982.5,5.2675274e-05,0.00026337637,46
4985.0,4990.0,4987.5,4.4659472e-05,0.00022329736,39
4990.0,4995.0,4992.5,3.435344e-05,0.0001717672,30
4995.0,5000.0,4997.5,4.923993e-05,0.00024619965,43
5000.0,5005.0,5002.5,5.2675274e-05,0.00026337637,46
5005.0,5010.0,5007.5,4.8094815e-05,0.00024047408,42
5010.0,5015.0,5012.5,5.7255733e-05,0.00028627866,50
5015.0,5020.0,5017.5,3.6643669e-05,0.00018321834,32
5020.0,5025.0,5022.5,5.1530159e-05,0.0002576508,45
5025.0,5030.0,5027.5,5.1530159e-05,0.0002576508,45
5030.0,5035.0,5032.5,4.0079013e-05,0.00020039506,35
5035.0,5040.0,5037.5,5.2675274e-05,0.00026337637,46
5040.0,5045.0,5042.5,5.6110618e-05,0.00028055309,49
5045.0,5050.0,5047.5,4.0079013e-05,0.00020039506,35
5050.0,5055.0,5052.5,4.0079013e-05,0.00020039506,35
5055.0,5060.0,5057.5,5.6110618e-05,0.00028055309,49
5060.0,5065.0,5062.5,6.2981306e-05,0.00031490653,55
5065.0,5070.0,5067.5,4.6949701e-05,0.0002347485,41
5070.0,5075.0,5072.5,4.5804586e-05,0.00022902293,40
5075.0,5080.0,5077.5,6.2981306e-05,0.00031490653,55
5080.0,5085.0,5082.5,4.5804586e-05,0.00022902293,40
5085.0,5090.0,5087.5,5.6110618e-05,0.00028055309,49
5090.0,5095.0,5092.5,4.3514357e-05,0.00021757178,38
5095.0,5100.0,5097.5,5.6110618e-05,0.00028055309,49
5100.0,5105.0,5102.5,5.6110618e-05,0.00028055309,49
5105.0,5110.0,5107.5,5.3820389e-05,0.00026910194,47
5110.0,5115.0,5112.5,5.1530159e-05,0.0002576508,45
5115.0,5120.0,5117.5,4.6949701e-05,0.0002347485,41
5120.0,5125.0,5122.5,4.5804586e-05,0.00022902293,40
5125.0,5130.0,5127.5,5.0385045e-05,0.00025192522,44
5130.0,5135.0,5132.5,4.8094815e-05,0.00024047408,42
5135.0,5140.0,5137.5,4.1224128e-05,0.00020612064,36
5140.0,5145.0,5142.5,5.2675274e-05,0.00026337637,46
5145.0,5150.0,5147.5,4.8094815e-05,0.00024047408,42
5150.0,5155.0,5152.5,4.8094815e-05,0.00024047408,42
5155.0,5160.0,5157.5,4.5804586e-05,0.00022902293,40
5160.0,5165.0,5162.5,5.2675274e-05,0.00026337637,46
5165.0,5170.0,5167.5,4.5804586e-05,0.00022902293,40
5170.0,5175.0,5172.5,6.4126421e-05,0.0003206321,56
5175.0,5180.0,5177.5,6.0691077e-05,0.00030345538,53
5180.0,5185.0,5182.5,5.1530159e-05,0.0002576508,45
5185.0,5190.0,5187.5,5.4965503e-05,0.00027482752,48
5190.0,5195.0,5192.5,4.8094815e-05,0.00024047408,42
5195.0,5200.0,5197.5,4.0079013e-05,0.00020039506,35
5200.0,5205.0,5202.5,5.2675274e-05,0.00026337637,46
5205.0,5210.0,5207.5,5.8400847e-05,0.00029200424,51
5210.0,5215.0,5212.5,6.0691077e-05,0.00030345538,53
5215.0,5220.0,5217.5,5.0385045e-05,0.00025192522,44
5220.0,5225.0,5222.5,4.3514357e-05,0.00021757178,38
5225.0,5230.0,5227.5,3.6643669e-05,0.00018321834,32
5230.0,5235.0,5232.5,6.0691077e-05,0.00030345538,53
5235.0,5240.0,5237.5,4.6949701e-05,0.0002347485,41
5240.0,5245.0,5242.5,3.8933898e-05,0.00019466949,34
5245.0,5250.0,5247.5,3.206321e-05,0.00016031605,28
5250.0,5255.0,5252.5,4.5804586e-05,0.00022902293,40
5255.0,5260.0,5257.5,4.3514357e-05,0.00021757178,38
5260.0,5265.0,5262.5,4.8094815e-05,0.00024047408,42
5265.0,5270.0,5267.5,5.1530159e-05,0.0002576508,45
5270.0,5275.0,5272.5,5.2675274e-05,0.00026337637,46
5275.0,5280.0,5277.5,4.0079013e-05,0.00020039506,35
5280.0,5285.0,5282.5,5.7255733e-05,0.00028627866,50
5285.0,5290.0,5287.5,5.0385045e-05,0.00025192522,44
5290.0,5295.0,5292.5,4.6949701e-05,0.0002347485,41
5295.0,5300.0,5297.5,4.2369242e-05,0.00021184621,37
5300.0,5305.0,5302.5,4.3514357e-05,0.00021757178,38
5305.0,5310.0,5307.5,5.1530159e-05,0.0002576508,45
5310.0,5315.0,5312.5,4.3514357e-05,0.00021757178,38
5315.0,5320.0,5317.5,4.5804586e-05,0.00022902293,40
5320.0,5325.0,5322.5,5.2675274e-05,0.00026337637,46
5325.0,5330.0,5327.5,4.923993e-05,0.00024619965,43
5330.0,5335.0,5332.5,5.8400847e-05,0.00029200424,51
5335.0,5340.0,5337.5,4.5804586e-05,0.00022902293,40
5340.0,5345.0,5342.5,3.8933898e-05,0.00019466949,34
5345.0,5350.0,5347.5,4.4659472e-05,0.00022329736,39
5350.0,5355.0,5352.5,4.8094815e-05,0.00024047408,42
5355.0,5360.0,5357.5,4.5804586e-05,0.00022902293,40
5360.0,5365.0,5362.5,5.4965503e-05,0.00027482752,48
5365.0,5370.0,5367.5,3.7788784e-05,0.00018894392,33
5370.0,5375.0,5372.5,3.8933898e-05,0.00019466949,34
5375.0,5380.0,5377.5,5.2675274e-05,0.00026337637,46
5380.0,5385.0,5382.5,5.6110618e-05,0.00028055309,49
5385.0,5390.0,5387.5,5.1530159e-05,0.0002576508,45
5390.0,5395.0,5392.5,4.0079013e-05,0.00020039506,35
5395.0,5400.0,5397.5,3.8933898e-05,0.00019466949,34
5400.0,5405.0,5402.5,4.6949701e-05,0.0002347485,41
5405.0,5410.0,5407.5,4.8094815e-05,0.00024047408,42
5410.0,5415.0,5412.5,4.2369242e-05,0.00021184621,37
5415.0,5420.0,5417.5,4.1224128e-05,0.00020612064,36
5420.0,5425.0,5422.5,4.923993e-05,0.00024619965,43
5425.0,5430.0,5427.5,4.1224128e-05,0.00020612064,36
5430.0,5435.0,5432.5,2.9772981e-05,0.00014886491,26
5435.0,5440.0,5437.5,5.3820389e-05,0.00026910194,47
5440.0,5445.0,5442.5,4.8094815e-05,0.00024047408,42
5445.0,5450.0,5447.5,5.2675274e-05,0.00026337637,46
5450.0,5455.0,5452.5,5.0385045e-05,0.00025192522,44
5455.0,5460.0,5457.5,2.9772981e-05,0.00014886491,26
5460.0,5465.0,5462.5,3.8933898e-05,0.00019466949,34
5465.0,5470.0,5467.5,3.8933898e-05,0.00019466949,34
5470.0,5475.0,5472.5,5.7255733e-05,0.00028627866,50
5475.0,5480.0,5477.5,6.2981306e-05,0.00031490653,55
5480.0,5485.0,5482.5,4.6949701e-05,0.0002347485,41
5485.0,5490.0,5487.5,4.0079013e-05,0.00020039506,35
5490.0,5495.0,5492.5,4.923993e-05,0.00024619965,43
5495.0,5500.0,5497.5,4.923993e-05,0.00024619965,43
5500.0,5505.0,5502.5,5.1530159e-05,0.0002576508,45
5505.0,5510.0,5507.5,3.6643669e-05,0.00018321834,32
5510.0,5515.0,5512.5,4.923993e-05,0.00024619965,43
5515.0,5520.0,5517.5,4.4659472e-05,0.00022329736,39
5520.0,5525.0,5522.5,3.7788784e-05,0.00018894392,33
5525.0,5530.0,5527.5,4.6949701e-05,0.0002347485,41
5530.0,5535.0,5532.5,3.5498554e-05,0.00017749277,31
5535.0,5540.0,5537.5,4.0079013e-05,0.00020039506,35
5540.0,5545.0,5542.5,4.6949701e-05,0.0002347485,41
5545.0,5550.0,5547.5,4.923993e-05,0.00024619965,43
5550.0,5555.0,5552.5,3.6643669e-05,0.00018321834,32
5555.0,5560.0,5557.5,3.8933898e-05,0.00019466949,34
5560.0,5565.0,5562.5,4.2369242e-05,0.00021184621,37
5565.0,5570.0,5567.5,4.6949701e-05,0.0002347485,41
5570.0,5575.0,5572.5,3.7788784e-05,0.00018894392,33
5575.0,5580.0,5577.5,4.923993e-05,0.00024619965,43
5580.0,5585.0,5582.5,5.4965503e-05,0.00027482752,48
5585.0,5590.0,5587.5,4.923993e-05,0.00024619965,43
5590.0,5595.0,5592.5,5.6110618e-05,0.00028055309,49
5595.0,5600.0,5597.5,4.6949701e-05,0.0002347485,41
5600.0,5605.0,5602.5,5.3820389e-05,0.00026910194,47
5605.0,5610.0,5607.5,4.5804586e-05,0.00022902293,40
5610.0,5615.0,5612.5,4.0079013e-05,0.00020039506,35
5615.0,5620.0,5617.5,3.5498554e-05,0.00017749277,31
5620.0,5625.0,5622.5,3.7788784e-05,0.00018894392,33
5625.0,5630.0,5627.5,3.0918096e-05,0.00015459048,27
5630.0,5635.0,5632.5,4.0079013e-05,0.00020039506,35
5635.0,5640.0,5637.5,4.0079013e-05,0.00020039506,35
5640.0,5645.0,5642.5,4.6949701e-05,0.0002347485,41
5645.0,5650.0,5647.5,4.2369242e-05,0.00021184621,37
5650.0,5655.0,5652.5,4.5804586e-05,0.00022902293,40
5655.0,5660.0,5657.5,4.1224128e-05,0.00020612064,36
5660.0,5665.0,5662.5,4.3514357e-05,0.00021757178,38
5665.0,5670.0,5667.5,3.5498554e-05,0.00017749277,31
5670.0,5675.0,5672.5,4.5804586e-05,0.00022902293,40
5675.0,5680.0,5677.5,4.923993e-05,0.00024619965,43
5680.0,5685.0,5682.5,3.8933898e-05,0.00019466949,34
5685.0,5690.0,5687.5,5.3820389e-05,0.00026910194,47
5690.0,5695.0,5692.5,4.1224128e-05,0.00020612064,36
5695.0,5700.0,5697.5,5.1530159e-05,0.0002576508,45
5700.0,5705.0,5702.5,3.8933898e-05,0.00019466949,34
5705.0,5710.0,5707.5,4.4659472e-05,0.00022329736,39
5710.0,5715.0,5712.5,4.8094815e-05,0.00024047408,42
5715.0,5720.0,5717.5,4.2369242e-05,0.00021184621,37
5720.0,5725.0,5722.5,3.8933898e-05,0.00019466949,34
5725.0,5730.0,5727.5,4.923993e-05,0.00024619965,43
5730.0,5735.0,5732.5,3.206321e-05,0.00016031605,28
5735.0,5740.0,5737.5,3.5498554e-05,0.00017749277,31
5740.0,5745.0,5742.5,3.8933898e-05,0.00019466949,34
5745.0,5750.0,5747.5,5.7255733e-05,0.00028627866,50
5750.0,5755.0,5752.5,4.3514357e-05,0.00021757178,38
5755.0,5760.0,5757.5,3.3208325e-05,0.00016604162,29
5760.0,5765.0,5762.5,4.5804586e-05,0.00022902293,40
5765.0,5770.0,5767.5,4.2369242e-05,0.00021184621,37
5770.0,5775.0,5772.5,3.8933898e-05,0.00019466949,34
5775.0,5780.0,5777.5,3.5498554e-05,0.00017749277,31
5780.0,5785.0,5782.5,6.0691077e-05,0.00030345538,53
5785.0,5790.0,5787.5,4.1224128e-05,0.00020612064,36
5790.0,5795.0,5792.5,4.4659472e-05,0.00022329736,39
5795.0,5800.0,5797.5,4.923993e-05,0.00024619965,43
5800.0,5805.0,5802.5,4.0079013e-05,0.00020039506,35
5805.0,5810.0,5807.5,4.8094815e-05,0.00024047408,42
5810.0,5815.0,5812.5,3.5498554e-05,0.00017749277,31
5815.0,5820.0,5817.5,5.0385045e-05,0.00025192522,44
5820.0,5825.0,5822.5,4.3514357e-05,0.00021757178,38
5825.0,5830.0,5827.5,4.8094815e-05,0.00024047408,42
5830.0,5835.0,5832.5,4.4659472e-05,0.00022329736,39
5835.0,5840.0,5837.5,4.4659472e-05,0.00022329736,39
5840.0,5845.0,5842.5,4.5804586e-05,0.00022902293,40
5845.0,5850.0,5847.5,3.435344e-05,0.0001717672,30
5850.0,5855.0,5852.5,3.8933898e-05,0.00019466949,34
5855.0,5860.0,5857.5,4.1224128e-05,0.00020612064,36
5860.0,5865.0,5862.5,3.6643669e-05,0.00018321834,32
5865.0,5870.0,5867.5,5.1530159e-05,0.0002576508,45
5870.0,5875.0,5872.5,3.5498554e-05,0.00017749277,31
5875.0,5880.0,5877.5,4.4659472e-05,0.00022329736,39
5880.0,5885.0,5882.5,3.0918096e-05,0.00015459048,27
5885.0,5890.0,5887.5,4.4659472e-05,0.00022329736,39
5890.0,5895.0,5892.5,2.7482752e-05,0.00013741376,24
5895.0,5900.0,5897.5,3.6643669e-05,0.00018321834,32
5900.0,5905.0,5902.5,4.1224128e-05,0.00020612064,36
5905.0,5910.0,5907.5,4.923993e-05,0.00024619965,43
5910.0,5915.0,5912.5,3.7788784e-05,0.00018894392,33
5915.0,5920.0,5917.5,4.6949701e-05,0.0002347485,41
5920.0,5925.0,5922.5,4.3514357e-05,0.00021757178,38
5925.0,5930.0,5927.5,4.1224128e-05,0.00020612064,36
5930.0,5935.0,5932.5,5.1530159e-05,0.0002576508,45
5935.0,5940.0,5937.5,3.6643669e-05,0.00018321834,32
5940.0,5945.0,5942.5,2.9772981e-05,0.00014886491,26
5945.0,5950.0,5947.5,4.8094815e-05,0.00024047408,42
5950.0,5955.0,5952.5,4.4659472e-05,0.00022329736,39
5955.0,5960.0,5957.5,4.4659472e-05,0.00022329736,39
5960.0,5965.0,5962.5,4.5804586e-05,0.00022902293,40
5965.0,5970.0,5967.5,3.6643669e-05,0.00018321834,32
5970.0,5975.0,5972.5,4.0079013e-05,0.00020039506,35
5975.0,5980.0,5977.5,3.3208325e-05,0.00016604162,29
5980.0,5985.0,5982.5,5.0385045e-05,0.00025192522,44
5985.0,5990.0,5987.5,3.6643669e-05,0.00018321834,32
5990.0,5995.0,5992.5,4.0079013e-05,0.00020039506,35
5995.0,6000.0,5997.5,4.3514357e-05,0.00021757178,38
6000.0,6005.0,6002.5,3.7788784e-05,0.00018894392,33
6005.0,6010.0,6007.5,4.1224128e-05,0.00020612064,36
6010.0,6015.0,6012.5,4.4659472e-05,0.00022329736,39
6015.0,6020.0,6017.5,3.5498554e-05,0.00017749277,31
6020.0,6025.0,6022.5,4.923993e-05,0.00024619965,43
6025.0,6030.0,6027.5,4.0079013e-05,0.00020039506,35
6030.0,6035.0,6032.5,3.435344e-05,0.0001717672,30
6035.0,6040.0,6037.5,4.4659472e-05,0.00022329736,39
6040.0,6045.0,6042.5,4.6949701e-05,0.0002347485,41
6045.0,6050.0,6047.5,4.2369242e-05,0.00021184621,37
6050.0,6055.0,6052.5,4.4659472e-05,0.00022329736,39
6055.0,6060.0,6057.5,3.3208325e-05,0.00016604162,29
6060.0,6065.0,6062.5,2.9772981e-05,0.00014886491,26
6065.0,6070.0,6067.5,3.6643669e-05,0.00018321834,32
6070.0,6075.0,6072.5,3.5498554e-05,0.00017749277,31
6075.0,6080.0,6077.5,4.6949701e-05,0.0002347485,41
6080.0,6085.0,6082.5,4.5804586e-05,0.00022902293,40
6085.0,6090.0,6087.5,3.435344e-05,0.0001717672,30
6090.0,6095.0,6092.5,3.7788784e-05,0.00018894392,33
6095.0,6100.0,6097.5,4.6949701e-05,0.0002347485,41
6100.0,6105.0,6102.5,4.4659472e-05,0.00022329736,39
6105.0,6110.0,6107.5,2.8627866e-05,0.00014313933,25
6110.0,6115.0,6112.5,2.9772981e-05,0.00014886491,26
6115.0,6120.0,6117.5,4.2369242e-05,0.00021184621,37
6120.0,6125.0,6122.5,3.8933898e-05,0.00019466949,34
6125.0,6130.0,6127.5,3.206321e-05,0.00016031605,28
6130.0,6135.0,6132.5,4.4659472e-05,0.00022329736,39
6135.0,6140.0,6137.5,4.0079013e-05,0.00020039506,35
6140.0,6145.0,6142.5,3.7788784e-05,0.00018894392,33
6145.0,6150.0,6147.5,4.3514357e-05,0.00021757178,38
6150.0,6155.0,6152.5,4.0079013e-05,0.00020039506,35
6155.0,6160.0,6157.5,3.8933898e-05,0.00019466949,34
6160.0,6165.0,6162.5,2.8627866e-05,0.00014313933,25
6165.0,6170.0,6167.5,4.3514357e-05,0.00021757178,38
6170.0,6175.0,6172.5,3.5498554e-05,0.00017749277,31
6175.0,6180.0,6177.5,4.5804586e-05,0.00022902293,40
6180.0,6185.0,6182.5,4.8094815e-05,0.00024047408,42
6185.0,6190.0,6187.5,3.5498554e-05,0.00017749277,31
6190.0,6195.0,6192.5,4.923993e-05,0.00024619965,43
6195.0,6200.0,6197.5,4.1224128e-05,0.00020612064,36
6200.0,6205.0,6202.5,3.7788784e-05,0.00018894392,33
6205.0,6210.0,6207.5,3.435344e-05,0.0001717672,30
6210.0,6215.0,6212.5,5.2675274e-05,0.00026337637,46
6215.0,6220.0,6217.5,3.3208325e-05,0.00016604162,29
6220.0,6225.0,6222.5,4.4659472e-05,0.00022329736,39
6225.0,6230.0,6227.5,4.5804586e-05,0.00022902293,40
6230.0,6235.0,6232.5,4.3514357e-05,0.00021757178,38
6235.0,6240.0,6237.5,4.4659472e-05,0.00022329736,39
6240.0,6245.0,6242.5,2.7482752e-05,0.00013741376,24
6245.0,6250.0,6247.5,2.9772981e-05,0.00014886491,26
6250.0,6255.0,6252.5,3.7788784e-05,0.00018894392,33
6255.0,6260.0,6257.5,3.8933898e-05,0.00019466949,34
6260.0,6265.0,6262.5,2.7482752e-05,0.00013741376,24
6265.0,6270.0,6267.5,3.6643669e-05,0.00018321834,32
6270.0,6275.0,6272.5,4.1224128e-05,0.00020612064,36
6275.0,6280.0,6277.5,4.1224128e-05,0.00020612064,36
6280.0,6285.0,6282.5,3.3208325e-05,0.00016604162,29
6285.0,6290.0,6287.5,4.8094815e-05,0.00024047408,42
6290.0,6295.0,6292.5,3.7788784e-05,0.00018894392,33
6295.0,6300.0,6297.5,3.435344e-05,0.0001717672,30
6300.0,6305.0,6302.5,3.7788784e-05,0.00018894392,33
6305.0,6310.0,6307.5,4.2369242e-05,0.00021184621,37
6310.0,6315.0,6312.5,4.3514357e-05,0.00021757178,38
6315.0,6320.0,6317.5,3.435344e-05,0.0001717672,30
6320.0,6325.0,6322.5,4.2369242e-05,0.00021184621,37
6325.0,6330.0,6327.5,3.7788784e-05,0.00018894392,33
6330.0,6335.0,6332.5,3.7788784e-05,0.00018894392,33
6335.0,6340.0,6337.5,3.0918096e-05,0.00015459048,27
6340.0,6345.0,6342.5,4.1224128e-05,0.00020612064,36
6345.0,6350.0,6347.5,3.8933898e-05,0.00019466949,34
6350.0,6355.0,6352.5,4.0079013e-05,0.00020039506,35
6355.0,6360.0,6357.5,4.1224128e-05,0.00020612064,36
6360.0,6365.0,6362.5,3.206321e-05,0.00016031605,28
6365.0,6370.0,6367.5,3.5498554e-05,0.00017749277,31
6370.0,6375.0,6372.5,4.4659472e-05,0.00022329736,39
6375.0,6380.0,6377.5,2.8627866e-05,0.00014313933,25
6380.0,6385.0,6382.5,4.2369242e-05,0.00021184621,37
6385.0,6390.0,6387.5,4.2369242e-05,0.00021184621,37
6390.0,6395.0,6392.5,3.7788784e-05,0.00018894392,33
6395.0,6400.0,6397.5,4.5804586e-05,0.00022902293,40
6400.0,6405.0,6402.5,3.435344e-05,0.0001717672,30
6405.0,6410.0,6407.5,3.7788784e-05,0.00018894392,33
6410.0,6415.0,6412.5,4.4659472e-05,0.00022329736,39
6415.0,6420.0,6417.5,3.3208325e-05,0.00016604162,29
6420.0,6425.0,6422.5,4.6949701e-05,0.0002347485,41
6425.0,6430.0,6427.5,4.3514357e-05,0.00021757178,38
6430.0,6435.0,6432.5,2.9772981e-05,0.00014886491,26
6435.0,6440.0,6437.5,3.435344e-05,0.0001717672,30
6440.0,6445.0,6442.5,2.9772981e-05,0.00014886491,26
6445.0,6450.0,6447.5,4.5804586e-05,0.00022902293,40
6450.0,6455.0,6452.5,4.5804586e-05,0.00022902293,40
6455.0,6460.0,6457.5,3.8933898e-05,0.00019466949,34
6460.0,6465.0,6462.5,2.8627866e-05,0.00014313933,25
6465.0,6470.0,6467.5,2.5192522e-05,0.00012596261,22
6470.0,6475.0,6472.5,2.9772981e-05,0.00014886491,26
6475.0,6480.0,6477.5,4.4659472e-05,0.00022329736,39
6480.0,6485.0,6482.5,3.435344e-05,0.0001717672,30
6485.0,6490.0,6487.5,3.7788784e-05,0.00018894392,33
6490.0,6495.0,6492.5,3.6643669e-05,0.00018321834,32
6495.0,6500.0,6497.5,3.3208325e-05,0.00016604162,29
6500.0,6505.0,6502.5,3.0918096e-05,0.00015459048,27
6505.0,6510.0,6507.5,3.6643669e-05,0.00018321834,32
6510.0,6515.0,6512.5,3.3208325e-05,0.00016604162,29
6515.0,6520.0,6517.5,3.8933898e-05,0.00019466949,34
6520.0,6525.0,6522.5,3.206321e-05,0.00016031605,28
6525.0,6530.0,6527.5,3.5498554e-05,0.00017749277,31
6530.0,6535.0,6532.5,5.1530159e-05,0.0002576508,45
6535.0,6540.0,6537.5,3.6643669e-05,0.00018321834,32
6540.0,6545.0,6542.5,3.435344e-05,0.0001717672,30
6545.0,6550.0,6547.5,3.0918096e-05,0.00015459048,27
6550.0,6555.0,6552.5,4.1224128e-05,0.00020612064,36
6555.0,6560.0,6557.5,3.0918096e-05,0.00015459048,27
6560.0,6565.0,6562.5,2.8627866e-05,0.00014313933,25
6565.0,6570.0,6567.5,2.7482752e-05,0.00013741376,24
6570.0,6575.0,6572.5,4.5804586e-05,0.00022902293,40
6575.0,6580.0,6577.5,3.206321e-05,0.00016031605,28
6580.0,6585.0,6582.5,3.6643669e-05,0.00018321834,32
6585.0,6590.0,6587.5,4.0079013e-05,0.00020039506,35
6590.0,6595.0,6592.5,3.7788784e-05,0.00018894392,33
6595.0,6600.0,6597.5,3.6643669e-05,0.00018321834,32
6600.0,6605.0,6602.5,3.7788784e-05,0.00018894392,33
6605.0,6610.0,6607.5,3.435344e-05,0.0001717672,30
6610.0,6615.0,6612.5,3.6643669e-05,0.00018321834,32
6615.0,6620.0,6617.5,2.5192522e-05,0.00012596261,22
6620.0,6625.0,6622.5,3.435344e-05,0.0001717672,30
6625.0,6630.0,6627.5,3.5498554e-05,0.00017749277,31
6630.0,6635.0,6632.5,3.8933898e-05,0.00019466949,34
6635.0,6640.0,6637.5,3.206321e-05,0.00016031605,28
6640.0,6645.0,6642.5,3.8933898e-05,0.00019466949,34
6645.0,6650.0,6647.5,3.8933898e-05,0.00019466949,34
6650.0,6655.0,6652.5,3.206321e-05,0.00016031605,28
6655.0,6660.0,6657.5,2.6337637e-05,0.00013168819,23
6660.0,6665.0,6662.5,2.9772981e-05,0.00014886491,26
6665.0,6670.0,6667.5,3.206321e-05,0.00016031605,28
6670.0,6675.0,6672.5,4.0079013e-05,0.00020039506,35
6675.0,6680.0,6677.5,4.6949701e-05,0.0002347485,41
6680.0,6685.0,6682.5,4.8094815e-05,0.00024047408,42
6685.0,6690.0,6687.5,5.3820389e-05,0.00026910194,47
6690.0,6695.0,6692.5,2.8627866e-05,0.00014313933,25
6695.0,6700.0,6697.5,3.206321e-05,0.00016031605,28
6700.0,6705.0,6702.5,3.7788784e-05,0.00018894392,33
6705.0,6710.0,6707.5,2.8627866e-05,0.00014313933,25
6710.0,6715.0,6712.5,3.5498554e-05,0.00017749277,31
6715.0,6720.0,6717.5,3.7788784e-05,0.00018894392,33
6720.0,6725.0,6722.5,3.0918096e-05,0.00015459048,27
6725.0,6730.0,6727.5,3.435344e-05,0.0001717672,30
6730.0,6735.0,6732.5,4.923993e-05,0.00024619965,43
6735.0,6740.0,6737.5,3.206321e-05,0.00016031605,28
6740.0,6745.0,6742.5,3.5498554e-05,0.00017749277,31
6745.0,6750.0,6747.5,4.0079013e-05,0.00020039506,35
6750.0,6755.0,6752.5,4.1224128e-05,0.00020612064,36
6755.0,6760.0,6757.5,3.6643669e-05,0.00018321834,32
6760.0,6765.0,6762.5,2.7482752e-05,0.00013741376,24
6765.0,6770.0,6767.5,3.3208325e-05,0.00016604162,29
6770.0,6775.0,6772.5,4.923993e-05,0.00024619965,43
6775.0,6780.0,6777.5,2.7482752e-05,0.00013741376,24
6780.0,6785.0,6782.5,4.0079013e-05,0.00020039506,35
6785.0,6790.0,6787.5,3.7788784e-05,0.00018894392,33
6790.0,6795.0,6792.5,2.7482752e-05,0.00013741376,24
6795.0,6800.0,6797.5,4.1224128e-05,0.00020612064,36
6800.0,6805.0,6802.5,3.8933898e-05,0.00019466949,34
6805.0,6810.0,6807.5,3.0918096e-05,0.00015459048,27
6810.0,6815.0,6812.5,4.4659472e-05,0.00022329736,39
6815.0,6820.0,6817.5,3.0918096e-05,0.00015459048,27
6820.0,6825.0,6822.5,3.0918096e-05,0.00015459048,27
6825.0,6830.0,6827.5,4.3514357e-05,0.00021757178,38
6830.0,6835.0,6832.5,3.435344e-05,0.0001717672,30
6835.0,6840.0,6837.5,3.5498554e-05,0.00017749277,31
6840.0,6845.0,6842.5,3.6643669e-05,0.00018321834,32
6845.0,6850.0,6847.5,3.5498554e-05,0.00017749277,31
6850.0,6855.0,6852.5,2.9772981e-05,0.00014886491,26
6855.0,6860.0,6857.5,2.9772981e-05,0.00014886491,26
6860.0,6865.0,6862.5,3.5498554e-05,0.00017749277,31
6865.0,6870.0,6867.5,3.5498554e-05,0.00017749277,31
6870.0,6875.0,6872.5,3.3208325e-05,0.00016604162,29
6875.0,6880.0,6877.5,4.0079013e-05,0.00020039506,35
6880.0,6885.0,6882.5,3.0918096e-05,0.00015459048,27
6885.0,6890.0,6887.5,3.3208325e-05,0.00016604162,29
6890.0,6895.0,6892.5,3.6643669e-05,0.00018321834,32
6895.0,6900.0,6897.5,2.6337637e-05,0.00013168819,23
6900.0,6905.0,6902.5,3.3208325e-05,0.00016604162,29
6905.0,6910.0,6907.5,2.7482752e-05,0.00013741376,24
6910.0,6915.0,6912.5,2.6337637e-05,0.00013168819,23
6915.0,6920.0,6917.5,3.6643669e-05,0.00018321834,32
6920.0,6925.0,6922.5,4.0079013e-05,0.00020039506,35
6925.0,6930.0,6927.5,3.435344e-05,0.0001717672,30
6930.0,6935.0,6932.5,3.3208325e-05,0.00016604162,29
6935.0,6940.0,6937.5,3.0918096e-05,0.00015459048,27
6940.0,6945.0,6942.5,2.7482752e-05,0.00013741376,24
6945.0,6950.0,6947.5,4.0079013e-05,0.00020039506,35
6950.0,6955.0,6952.5,3.206321e-05,0.00016031605,28
6955.0,6960.0,6957.5,3.6643669e-05,0.00018321834,32
6960.0,6965.0,6962.5,3.3208325e-05,0.00016604162,29
6965.0,6970.0,6967.5,3.7788784e-05,0.00018894392,33
6970.0,6975.0,6972.5,4.3514357e-05,0.00021757178,38
6975.0,6980.0,6977.5,2.9772981e-05,0.00014886491,26
6980.0,6985.0,6982.5,3.206321e-05,0.00016031605,28
6985.0,6990.0,6987.5,3.6643669e-05,0.00018321834,32
6990.0,6995.0,6992.5,3.435344e-05,0.0001717672,30
6995.0,7000.0,6997.5,3.5498554e-05,0.00017749277,31
7000.0,7005.0,7002.5,2.9772981e-05,0.00014886491,26
7005.0,7010.0,7007.5,4.0079013e-05,0.00020039506,35
7010.0,7015.0,7012.5,4.0079013e-05,0.00020039506,35
7015.0,7020.0,7017.5,3.8933898e-05,0.00019466949,34
7020.0,7025.0,7022.5,3.0918096e-05,0.00015459048,27
7025.0,7030.0,7027.5,2.1757178e-05,0.00010878589,19
7030.0,7035.0,7032.5,2.1757178e-05,0.00010878589,19
7035.0,7040.0,7037.5,2.4047408e-05,0.00012023704,21
7040.0,7045.0,7042.5,3.206321e-05,0.00016031605,28
7045.0,7050.0,7047.5,4.0079013e-05,0.00020039506,35
7050.0,7055.0,7052.5,3.3208325e-05,0.00016604162,29
7055.0,7060.0,7057.5,3.206321e-05,0.00016031605,28
7060.0,7065.0,7062.5,3.6643669e-05,0.00018321834,32
7065.0,7070.0,7067.5,2.9772981e-05,0.00014886491,26
7070.0,7075.0,7072.5,2.6337637e-05,0.00013168819,23
7075.0,7080.0,7077.5,2.6337637e-05,0.00013168819,23
7080.0,7085.0,7082.5,2.9772981e-05,0.00014886491,26
7085.0,7090.0,7087.5,3.0918096e-05,0.00015459048,27
7090.0,7095.0,7092.5,3.0918096e-05,0.00015459048,27
7095.0,7100.0,7097.5,2.6337637e-05,0.00013168819,23
7100.0,7105.0,7102.5,3.206321e-05,0.00016031605,28
7105.0,7110.0,7107.5,4.0079013e-05,0.00020039506,35
7110.0,7115.0,7112.5,3.435344e-05,0.0001717672,30
7115.0,7120.0,7117.5,3.3208325e-05,0.00016604162,29
7120.0,7125.0,7122.5,4.4659472e-05,0.00022329736,39
7125.0,7130.0,7127.5,4.0079013e-05,0.00020039506,35
7130.0,7135.0,7132.5,3.0918096e-05,0.00015459048,27
7135.0,7140.0,7137.5,4.0079013e-05,0.00020039506,35
7140.0,7145.0,7142.5,2.4047408e-05,0.00012023704,21
7145.0,7150.0,7147.5,3.7788784e-05,0.00018894392,33
7150.0,7155.0,7152.5,3.7788784e-05,0.00018894392,33
7155.0,7160.0,7157.5,4.2369242e-05,0.00021184621,37
7160.0,7165.0,7162.5,3.435344e-05,0.0001717672,30
7165.0,7170.0,7167.5,2.9772981e-05,0.00014886491,26
7170.0,7175.0,7172.5,3.206321e-05,0.00016031605,28
7175.0,7180.0,7177.5,3.206321e-05,0.00016031605,28
7180.0,7185.0,7182.5,3.6643669e-05,0.00018321834,32
7185.0,7190.0,7187.5,2.4047408e-05,0.00012023704,21
7190.0,7195.0,7192.5,3.435344e-05,0.0001717672,30
7195.0,7200.0,7197.5,2.9772981e-05,0.00014886491,26
7200.0,7205.0,7202.5,3.0918096e-05,0.00015459048,27
7205.0,7210.0,7207.5,3.7788784e-05,0.00018894392,33
7210.0,7215.0,7212.5,4.2369242e-05,0.00021184621,37
7215.0,7220.0,7217.5,4.5804586e-05,0.00022902293,40
7220.0,7225.0,7222.5,4.5804586e-05,0.00022902293,40
7225.0,7230.0,7227.5,3.206321e-05,0.00016031605,28
7230.0,7235.0,7232.5,3.435344e-05,0.0001717672,30
7235.0,7240.0,7237.5,2.9772981e-05,0.00014886491,26
7240.0,7245.0,7242.5,3.206321e-05,0.00016031605,28
7245.0,7250.0,7247.5,2.2902293e-05,0.00011451147,20
7250.0,7255.0,7252.5,2.9772981e-05,0.00014886491,26
7255.0,7260.0,7257.5,3.0918096e-05,0.00015459048,27
7260.0,7265.0,7262.5,3.8933898e-05,0.00019466949,34
7265.0,7270.0,7267.5,3.8933898e-05,0.00019466949,34
7270.0,7275.0,7272.5,3.0918096e-05,0.00015459048,27
7275.0,7280.0,7277.5,2.4047408e-05,0.00012023704,21
7280.0,7285.0,7282.5,2.9772981e-05,0.00014886491,26
7285.0,7290.0,7287.5,3.5498554e-05,0.00017749277,31
7290.0,7295.0,7292.5,4.2369242e-05,0.00021184621,37
7295.0,7300.0,7297.5,3.8933898e-05,0.00019466949,34
7300.0,7305.0,7302.5,3.3208325e-05,0.00016604162,29
7305.0,7310.0,7307.5,2.6337637e-05,0.00013168819,23
7310.0,7315.0,7312.5,3.435344e-05,0.0001717672,30
7315.0,7320.0,7317.5,2.4047408e-05,0.00012023704,21
7320.0,7325.0,7322.5,2.2902293e-05,0.00011451147,20
7325.0,7330.0,7327.5,3.3208325e-05,0.00016604162,29
7330.0,7335.0,7332.5,3.206321e-05,0.00016031605,28
7335.0,7340.0,7337.5,2.8627866e-05,0.00014313933,25
7340.0,7345.0,7342.5,2.4047408e-05,0.00012023704,21
7345.0,7350.0,7347.5,3.0918096e-05,0.00015459048,27
7350.0,7355.0,7352.5,3.5498554e-05,0.00017749277,31
7355.0,7360.0,7357.5,2.7482752e-05,0.00013741376,24
7360.0,7365.0,7362.5,3.7788784e-05,0.00018894392,33
7365.0,7370.0,7367.5,5.2675274e-05,0.00026337637,46
7370.0,7375.0,7372.5,3.8933898e-05,0.00019466949,34
7375.0,7380.0,7377.5,3.0918096e-05,0.00015459048,27
7380.0,7385.0,7382.5,3.206321e-05,0.00016031605,28
7385.0,7390.0,7387.5,2.5192522e-05,0.00012596261,22
7390.0,7395.0,7392.5,3.7788784e-05,0.00018894392,33
7395.0,7400.0,7397.5,1.8321834e-05,9.1609172e-05,16
7400.0,7405.0,7402.5,4.1224128e-05,0.00020612064,36
7405.0,7410.0,7407.5,3.0918096e-05,0.00015459048,27
7410.0,7415.0,7412.5,4.1224128e-05,0.00020612064,36
7415.0,7420.0,7417.5,2.8627866e-05,0.00014313933,25
7420.0,7425.0,7422.5,4.0079013e-05,0.00020039506,35
7425.0,7430.0,7427.5,2.8627866e-05,0.00014313933,25
7430.0,7435.0,7432.5,3.3208325e-05,0.00016604162,29
7435.0,7440.0,7437.5,3.6643669e-05,0.00018321834,32
7440.0,7445.0,7442.5,3.3208325e-05,0.00016604162,29
7445.0,7450.0,7447.5,2.9772981e-05,0.00014886491,26
7450.0,7455.0,7452.5,2.4047408e-05,0.00012023704,21
7455.0,7460.0,7457.5,2.7482752e-05,0.00013741376,24
7460.0,7465.0,7462.5,3.435344e-05,0.0001717672,30
7465.0,7470.0,7467.5,4.1224128e-05,0.00020612064,36
7470.0,7475.0,7472.5,3.206321e-05,0.00016031605,28
7475.0,7480.0,7477.5,2.2902293e-05,0.00011451147,20
7480.0,7485.0,7482.5,2.5192522e-05,0.00012596261,22
7485.0,7490.0,7487.5,3.7788784e-05,0.00018894392,33
7490.0,7495.0,7492.5,3.6643669e-05,0.00018321834,32
7495.0,7500.0,7497.5,2.8627866e-05,0.00014313933,25
7500.0,7505.0,7502.5,3.206321e-05,0.00016031605,28
7505.0,7510.0,7507.5,2.5192522e-05,0.00012596261,22
7510.0,7515.0,7512.5,3.8933898e-05,0.00019466949,34
7515.0,7520.0,7517.5,2.9772981e-05,0.00014886491,26
7520.0,7525.0,7522.5,2.8627866e-05,0.00014313933,25
7525.0,7530.0,7527.5,3.206321e-05,0.00016031605,28
7530.0,7535.0,7532.5,2.5192522e-05,0.00012596261,22
7535.0,7540.0,7537.5,3.5498554e-05,0.00017749277,31
7540.0,7545.0,7542.5,3.206321e-05,0.00016031605,28
7545.0,7550.0,7547.5,2.5192522e-05,0.00012596261,22
7550.0,7555.0,7552.5,2.8627866e-05,0.00014313933,25
7555.0,7560.0,7557.5,2.4047408e-05,0.00012023704,21
7560.0,7565.0,7562.5,2.7482752e-05,0.00013741376,24
7565.0,7570.0,7567.5,2.6337637e-05,0.00013168819,23
7570.0,7575.0,7572.5,3.3208325e-05,0.00016604162,29
7575.0,7580.0,7577.5,2.5192522e-05,0.00012596261,22
7580.0,7585.0,7582.5,2.9772981e-05,0.00014886491,26
7585.0,7590.0,7587.5,3.7788784e-05,0.00018894392,33
7590.0,7595.0,7592.5,3.206321e-05,0.00016031605,28
7595.0,7600.0,7597.5,2.6337637e-05,0.00013168819,23
7600.0,7605.0,7602.5,2.6337637e-05,0.00013168819,23
7605.0,7610.0,7607.5,2.9772981e-05,0.00014886491,26
7610.0,7615.0,7612.5,2.6337637e-05,0.00013168819,23
7615.0,7620.0,7617.5,3.5498554e-05,0.00017749277,31
7620.0,7625.0,7622.5,3.6643669e-05,0.00018321834,32
7625.0,7630.0,7627.5,3.8933898e-05,0.00019466949,34
7630.0,7635.0,7632.5,4.1224128e-05,0.00020612064,36
7635.0,7640.0,7637.5,3.206321e-05,0.00016031605,28
7640.0,7645.0,7642.5,2.7482752e-05,0.00013741376,24
7645.0,7650.0,7647.5,2.0612064e-05,0.00010306032,18
7650.0,7655.0,7652.5,2.9772981e-05,0.00014886491,26
7655.0,7660.0,7657.5,3.206321e-05,0.00016031605,28
7660.0,7665.0,7662.5,2.1757178e-05,0.00010878589,19
7665.0,7670.0,7667.5,2.4047408e-05,0.00012023704,21
7670.0,7675.0,7672.5,3.0918096e-05,0.00015459048,27
7675.0,7680.0,7677.5,3.3208325e-05,0.00016604162,29
7680.0,7685.0,7682.5,2.4047408e-05,0.00012023704,21
7685.0,7690.0,7687.5,3.5498554e-05,0.00017749277,31
7690.0,7695.0,7692.5,2.7482752e-05,0.00013741376,24
7695.0,7700.0,7697.5,3.0918096e-05,0.00015459048,27
7700.0,7705.0,7702.5,3.3208325e-05,0.00016604162,29
7705.0,7710.0,7707.5,2.8627866e-05,0.00014313933,25
7710.0,7715.0,7712.5,2.8627866e-05,0.00014313933,25
7715.0,7720.0,7717.5,3.206321e-05,0.00016031605,28
7720.0,7725.0,7722.5,2.9772981e-05,0.00014886491,26
7725.0,7730.0,7727.5,2.4047408e-05,0.00012023704,21
7730.0,7735.0,7732.5,2.6337637e-05,0.00013168819,23
7735.0,7740.0,7737.5,2.9772981e-05,0.00014886491,26
7740.0,7745.0,7742.5,1.717672e-05,8.5883599e-05,15
7745.0,7750.0,7747.5,3.435344e-05,0.0001717672,30
7750.0,7755.0,7752.5,3.7788784e-05,0.00018894392,33
7755.0,7760.0,7757.5,2.8627866e-05,0.00014313933,25
7760.0,7765.0,7762.5,2.8627866e-05,0.00014313933,25
7765.0,7770.0,7767.5,3.435344e-05,0.0001717672,30
7770.0,7775.0,7772.5,3.6643669e-05,0.00018321834,32
7775.0,7780.0,7777.5,3.206321e-05,0.00016031605,28
7780.0,7785.0,7782.5,3.3208325e-05,0.00016604162,29
7785.0,7790.0,7787.5,3.3208325e-05,0.00016604162,29
7790.0,7795.0,7792.5,2.2902293e-05,0.00011451147,20
7795.0,7800.0,7797.5,2.6337637e-05,0.00013168819,23
7800.0,7805.0,7802.5,2.9772981e-05,0.00014886491,26
7805.0,7810.0,7807.5,2.6337637e-05,0.00013168819,23
7810.0,7815.0,7812.5,2.5192522e-05,0.00012596261,22
7815.0,7820.0,7817.5,3.0918096e-05,0.00015459048,27
7820.0,7825.0,7822.5,2.2902293e-05,0.00011451147,20
7825.0,7830.0,7827.5,2.2902293e-05,0.00011451147,20
7830.0,7835.0,7832.5,2.7482752e-05,0.00013741376,24
7835.0,7840.0,7837.5,2.2902293e-05,0.00011451147,20
7840.0,7845.0,7842.5,3.6643669e-05,0.00018321834,32
7845.0,7850.0,7847.5,2.2902293e-05,0.00011451147,20
7850.0,7855.0,7852.5,2.6337637e-05,0.00013168819,23
7855.0,7860.0,7857.5,3.7788784e-05,0.00018894392,33
7860.0,7865.0,7862.5,2.5192522e-05,0.00012596261,22
7865.0,7870.0,7867.5,2.7482752e-05,0.00013741376,24
7870.0,7875.0,7872.5,4.3514357e-05,0.00021757178,38
7875.0,7880.0,7877.5,2.5192522e-05,0.00012596261,22
7880.0,7885.0,7882.5,3.206321e-05,0.00016031605,28
7885.0,7890.0,7887.5,3.5498554e-05,0.00017749277,31
7890.0,7895.0,7892.5,4.0079013e-05,0.00020039506,35
7895.0,7900.0,7897.5,2.8627866e-05,0.00014313933,25
7900.0,7905.0,7902.5,2.7482752e-05,0.00013741376,24
7905.0,7910.0,7907.5,2.8627866e-05,0.00014313933,25
7910.0,7915.0,7912.5,2.2902293e-05,0.00011451147,20
7915.0,7920.0,7917.5,3.435344e-05,0.0001717672,30
7920.0,7925.0,7922.5,3.0918096e-05,0.00015459048,27
7925.0,7930.0,7927.5,2.8627866e-05,0.00014313933,25
7930.0,7935.0,7932.5,2.7482752e-05,0.00013741376,24
7935.0,7940.0,7937.5,3.0918096e-05,0.00015459048,27
7940.0,7945.0,7942.5,3.6643669e-05,0.00018321834,32
7945.0,7950.0,7947.5,2.4047408e-05,0.00012023704,21
7950.0,7955.0,7952.5,4.5804586e-05,0.00022902293,40
7955.0,7960.0,7957.5,2.1757178e-05,0.00010878589,19
7960.0,7965.0,7962.5,2.7482752e-05,0.00013741376,24
7965.0,7970.0,7967.5,2.2902293e-05,0.00011451147,20
7970.0,7975.0,7972.5,2.7482752e-05,0.00013741376,24
7975.0,7980.0,7977.5,2.5192522e-05,0.00012596261,22
7980.0,7985.0,7982.5,2.4047408e-05,0.00012023704,21
7985.0,7990.0,7987.5,2.4047408e-05,0.00012023704,21
7990.0,7995.0,7992.5,2.6337637e-05,0.00013168819,23
7995.0,8000.0,7997.5,3.206321e-05,0.00016031605,28
8000.0,8005.0,8002.5,2.7482752e-05,0.00013741376,24
8005.0,8010.0,8007.5,2.5192522e-05,0.00012596261,22
8010.0,8015.0,8012.5,2.1757178e-05,0.00010878589,19
8015.0,8020.0,8017.5,3.0918096e-05,0.00015459048,27
8020.0,8025.0,8022.5,2.5192522e-05,0.00012596261,22
8025.0,8030.0,8027.5,3.5498554e-05,0.00017749277,31
8030.0,8035.0,8032.5,2.9772981e-05,0.00014886491,26
8035.0,8040.0,8037.5,1.2596261e-05,6.2981306e-05,11
8040.0,8045.0,8042.5,2.7482752e-05,0.00013741376,24
8045.0,8050.0,8047.5,2.8627866e-05,0.00014313933,25
8050.0,8055.0,8052.5,2.1757178e-05,0.00010878589,19
8055.0,8060.0,8057.5,2.7482752e-05,0.00013741376,24
8060.0,8065.0,8062.5,2.8627866e-05,0.00014313933,25
8065.0,8070.0,8067.5,2.2902293e-05,0.00011451147,20
8070.0,8075.0,8072.5,2.2902293e-05,0.00011451147,20
8075.0,8080.0,8077.5,3.3208325e-05,0.00016604162,29
8080.0,8085.0,8082.5,3.6643669e-05,0.00018321834,32
8085.0,8090.0,8087.5,2.8627866e-05,0.00014313933,25
8090.0,8095.0,8092.5,2.9772981e-05,0.00014886491,26
8095.0,8100.0,8097.5,2.4047408e-05,0.00012023704,21
8100.0,8105.0,8102.5,3.435344e-05,0.0001717672,30
8105.0,8110.0,8107.5,2.2902293e-05,0.00011451147,20
8110.0,8115.0,8112.5,4.0079013e-05,0.00020039506,35
8115.0,8120.0,8117.5,2.7482752e-05,0.00013741376,24
8120.0,8125.0,8122.5,4.0079013e-05,0.00020039506,35
8125.0,8130.0,8127.5,2.0612064e-05,0.00010306032,18
8130.0,8135.0,8132.5,3.0918096e-05,0.00015459048,27
8135.0,8140.0,8137.5,2.4047408e-05,0.00012023704,21
8140.0,8145.0,8142.5,2.4047408e-05,0.00012023704,21
8145.0,8150.0,8147.5,2.0612064e-05,0.00010306032,18
8150.0,8155.0,8152.5,2.7482752e-05,0.00013741376,24
8155.0,8160.0,8157.5,1.8321834e-05,9.1609172e-05,16
8160.0,8165.0,8162.5,3.0918096e-05,0.00015459048,27
8165.0,8170.0,8167.5,2.5192522e-05,0.00012596261,22
8170.0,8175.0,8172.5,2.7482752e-05,0.00013741376,24
8175.0,8180.0,8177.5,2.7482752e-05,0.00013741376,24
8180.0,8185.0,8182.5,2.8627866e-05,0.00014313933,25
8185.0,8190.0,8187.5,3.6643669e-05,0.00018321834,32
8190.0,8195.0,8192.5,1.9466949e-05,9.7334746e-05,17
8195.0,8200.0,8197.5,3.3208325e-05,0.00016604162,29
8200.0,8205.0,8202.5,2.4047408e-05,0.00012023704,21
8205.0,8210.0,8207.5,2.6337637e-05,0.00013168819,23
8210.0,8215.0,8212.5,2.2902293e-05,0.00011451147,20
8215.0,8220.0,8217.5,2.1757178e-05,0.00010878589,19
8220.0,8225.0,8222.5,1.3741376e-05,6.8706879e-05,12
8225.0,8230.0,8227.5,3.0918096e-05,0.00015459048,27
8230.0,8235.0,8232.5,2.2902293e-05,0.00011451147,20
8235.0,8240.0,8237.5,2.0612064e-05,0.00010306032,18
8240.0,8245.0,8242.5,2.7482752e-05,0.00013741376,24
8245.0,8250.0,8247.5,2.9772981e-05,0.00014886491,26
8250.0,8255.0,8252.5,3.5498554e-05,0.00017749277,31
8255.0,8260.0,8257.5,2.7482752e-05,0.00013741376,24
8260.0,8265.0,8262.5,2.2902293e-05,0.00011451147,20
8265.0,8270.0,8267.5,2.5192522e-05,0.00012596261,22
8270.0,8275.0,8272.5,2.1757178e-05,0.00010878589,19
8275.0,8280.0,8277.5,2.9772981e-05,0.00014886491,26
8280.0,8285.0,8282.5,2.6337637e-05,0.00013168819,23
8285.0,8290.0,8287.5,3.3208325e-05,0.00016604162,29
8290.0,8295.0,8292.5,3.435344e-05,0.0001717672,30
8295.0,8300.0,8297.5,3.8933898e-05,0.00019466949,34
8300.0,8305.0,8302.5,2.4047408e-05,0.00012023704,21
8305.0,8310.0,8307.5,2.6337637e-05,0.00013168819,23
8310.0,8315.0,8312.5,2.6337637e-05,0.00013168819,23
8315.0,8320.0,8317.5,2.8627866e-05,0.00014313933,25
8320.0,8325.0,8322.5,2.6337637e-05,0.00013168819,23
8325.0,8330.0,8327.5,2.9772981e-05,0.00014886491,26
8330.0,8335.0,8332.5,2.8627866e-05,0.00014313933,25
8335.0,8340.0,8337.5,1.9466949e-05,9.7334746e-05,17
8340.0,8345.0,8342.5,2.7482752e-05,0.00013741376,24
8345.0,8350.0,8347.5,2.0612064e-05,0.00010306032,18
8350.0,8355.0,8352.5,2.4047408e-05,0.00012023704,21
8355.0,8360.0,8357.5,2.4047408e-05,0.00012023704,21
8360.0,8365.0,8362.5,3.3208325e-05,0.00016604162,29
8365.0,8370.0,8367.5,3.435344e-05,0.0001717672,30
8370.0,8375.0,8372.5,2.1757178e-05,0.00010878589,19
8375.0,8380.0,8377.5,2.1757178e-05,0.00010878589,19
8380.0,8385.0,8382.5,3.206321e-05,0.00016031605,28
8385.0,8390.0,8387.5,2.9772981e-05,0.00014886491,26
8390.0,8395.0,8392.5,3.0918096e-05,0.00015459048,27
8395.0,8400.0,8397.5,2.8627866e-05,0.00014313933,25
8400.0,8405.0,8402.5,3.3208325e-05,0.00016604162,29
8405.0,8410.0,8407.5,3.0918096e-05,0.00015459048,27
8410.0,8415.0,8412.5,1.9466949e-05,9.7334746e-05,17
8415.0,8420.0,8417.5,2.9772981e-05,0.00014886491,26
8420.0,8425.0,8422.5,2.9772981e-05,0.00014886491,26
8425.0,8430.0,8427.5,3.206321e-05,0.00016031605,28
8430.0,8435.0,8432.5,2.5192522e-05,0.00012596261,22
8435.0,8440.0,8437.5,2.9772981e-05,0.00014886491,26
8440.0,8445.0,8442.5,2.6337637e-05,0.00013168819,23
8445.0,8450.0,8447.5,1.9466949e-05,9.7334746e-05,17
8450.0,8455.0,8452.5,1.9466949e-05,9.7334746e-05,17
8455.0,8460.0,8457.5,2.2902293e-05,0.00011451147,20
8460.0,8465.0,8462.5,2.8627866e-05,0.00014313933,25
8465.0,8470.0,8467.5,2.1757178e-05,0.00010878589,19
8470.0,8475.0,8472.5,2.1757178e-05,0.00010878589,19
8475.0,8480.0,8477.5,2.5192522e-05,0.00012596261,22
8480.0,8485.0,8482.5,2.6337637e-05,0.00013168819,23
8485.0,8490.0,8487.5,3.5498554e-05,0.00017749277,31
8490.0,8495.0,8492.5,2.2902293e-05,0.00011451147,20
8495.0,8500.0,8497.5,2.8627866e-05,0.00014313933,25
8500.0,8505.0,8502.5,2.4047408e-05,0.00012023704,21
8505.0,8510.0,8507.5,2.6337637e-05,0.00013168819,23
8510.0,8515.0,8512.5,1.9466949e-05,9.7334746e-05,17
8515.0,8520.0,8517.5,2.6337637e-05,0.00013168819,23
8520.0,8525.0,8522.5,1.9466949e-05,9.7334746e-05,17
8525.0,8530.0,8527.5,2.9772981e-05,0.00014886491,26
8530.0,8535.0,8532.5,3.5498554e-05,0.00017749277,31
8535.0,8540.0,8537.5,2.6337637e-05,0.00013168819,23
8540.0,8545.0,8542.5,2.8627866e-05,0.00014313933,25
8545.0,8550.0,8547.5,2.6337637e-05,0.00013168819,23
8550.0,8555.0,8552.5,2.9772981e-05,0.00014886491,26
8555.0,8560.0,8557.5,3.0918096e-05,0.00015459048,27
8560.0,8565.0,8562.5,2.5192522e-05,0.00012596261,22
8565.0,8570.0,8567.5,3.6643669e-05,0.00018321834,32
8570.0,8575.0,8572.5,2.8627866e-05,0.00014313933,25
8575.0,8580.0,8577.5,2.4047408e-05,0.00012023704,21
8580.0,8585.0,8582.5,2.1757178e-05,0.00010878589,19
8585.0,8590.0,8587.5,2.4047408e-05,0.00012023704,21
8590.0,8595.0,8592.5,2.8627866e-05,0.00014313933,25
8595.0,8600.0,8597.5,2.5192522e-05,0.00012596261,22
8600.0,8605.0,8602.5,2.8627866e-05,0.00014313933,25
8605.0,8610.0,8607.5,2.7482752e-05,0.00013741376,24
8610.0,8615.0,8612.5,3.0918096e-05,0.00015459048,27
8615.0,8620.0,8617.5,2.7482752e-05,0.00013741376,24
8620.0,8625.0,8622.5,3.206321e-05,0.00016031605,28
8625.0,8630.0,8627.5,2.4047408e-05,0.00012023704,21
8630.0,8635.0,8632.5,3.206321e-05,0.00016031605,28
8635.0,8640.0,8637.5,3.0918096e-05,0.00015459048,27
8640.0,8645.0,8642.5,2.6337637e-05,0.00013168819,23
8645.0,8650.0,8647.5,1.3741376e-05,6.8706879e-05,12
8650.0,8655.0,8652.5,3.5498554e-05,0.00017749277,31
8655.0,8660.0,8657.5,2.1757178e-05,0.00010878589,19
8660.0,8665.0,8662.5,3.3208325e-05,0.00016604162,29
8665.0,8670.0,8667.5,2.5192522e-05,0.00012596261,22
8670.0,8675.0,8672.5,2.2902293e-05,0.00011451147,20
8675.0,8680.0,8677.5,2.9772981e-05,0.00014886491,26
8680.0,8685.0,8682.5,1.8321834e-05,9.1609172e-05,16
8685.0,8690.0,8687.5,3.435344e-05,0.0001717672,30
8690.0,8695.0,8692.5,1.4886491e-05,7.4432453e-05,13
8695.0,8700.0,8697.5,3.0918096e-05,0.00015459048,27
8700.0,8705.0,8702.5,1.1451147e-05,5.7255733e-05,10
8705.0,8710.0,8707.5,3.0918096e-05,0.00015459048,27
8710.0,8715.0,8712.5,1.9466949e-05,9.7334746e-05,17
8715.0,8720.0,8717.5,1.8321834e-05,9.1609172e-05,16
8720.0,8725.0,8722.5,2.9772981e-05,0.00014886491,26
8725.0,8730.0,8727.5,2.4047408e-05,0.00012023704,21
8730.0,8735.0,8732.5,2.7482752e-05,0.00013741376,24
8735.0,8740.0,8737.5,2.4047408e-05,0.00012023704,21
8740.0,8745.0,8742.5,2.4047408e-05,0.00012023704,21
8745.0,8750.0,8747.5,3.3208325e-05,0.00016604162,29
8750.0,8755.0,8752.5,2.2902293e-05,0.00011451147,20
8755.0,8760.0,8757.5,1.8321834e-05,9.1609172e-05,16
8760.0,8765.0,8762.5,2.6337637e-05,0.00013168819,23
8765.0,8770.0,8767.5,2.4047408e-05,0.00012023704,21
8770.0,8775.0,8772.5,1.6031605e-05,8.0158026e-05,14
8775.0,8780.0,8777.5,1.3741376e-05,6.8706879e-05,12
8780.0,8785.0,8782.5,3.206321e-05,0.00016031605,28
8785.0,8790.0,8787.5,1.9466949e-05,9.7334746e-05,17
8790.0,8795.0,8792.5,2.7482752e-05,0.00013741376,24
8795.0,8800.0,8797.5,3.7788784e-05,0.00018894392,33
8800.0,8805.0,8802.5,2.0612064e-05,0.00010306032,18
8805.0,8810.0,8807.5,2.4047408e-05,0.00012023704,21
8810.0,8815.0,8812.5,2.5192522e-05,0.00012596261,22
8815.0,8820.0,8817.5,2.2902293e-05,0.00011451147,20
8820.0,8825.0,8822.5,2.4047408e-05,0.00012023704,21
8825.0,8830.0,8827.5,2.0612064e-05,0.00010306032,18
8830.0,8835.0,8832.5,4.5804586e-05,0.00022902293,40
8835.0,8840.0,8837.5,2.5192522e-05,0.00012596261,22
8840.0,8845.0,8842.5,2.1757178e-05,0.00010878589,19
8845.0,8850.0,8847.5,2.5192522e-05,0.00012596261,22
8850.0,8855.0,8852.5,3.206321e-05,0.00016031605,28
8855.0,8860.0,8857.5,2.1757178e-05,0.00010878589,19
8860.0,8865.0,8862.5,2.0612064e-05,0.00010306032,18
8865.0,8870.0,8867.5,3.7788784e-05,0.00018894392,33
8870.0,8875.0,8872.5,3.3208325e-05,0.00016604162,29
8875.0,8880.0,8877.5,2.7482752e-05,0.00013741376,24
8880.0,8885.0,8882.5,3.206321e-05,0.00016031605,28
8885.0,8890.0,8887.5,2.6337637e-05,0.00013168819,23
8890.0,8895.0,8892.5,1.8321834e-05,9.1609172e-05,16
8895.0,8900.0,8897.5,1.8321834e-05,9.1609172e-05,16
8900.0,8905.0,8902.5,1.9466949e-05,9.7334746e-05,17
8905.0,8910.0,8907.5,1.9466949e-05,9.7334746e-05,17
8910.0,8915.0,8912.5,2.9772981e-05,0.00014886491,26
8915.0,8920.0,8917.5,1.8321834e-05,9.1609172e-05,16
8920.0,8925.0,8922.5,2.4047408e-05,0.00012023704,21
8925.0,8930.0,8927.5,4.1224128e-05,0.00020612064,36
8930.0,8935.0,8932.5,1.717672e-05,8.5883599e-05,15
8935.0,8940.0,8937.5,2.4047408e-05,0.00012023704,21
8940.0,8945.0,8942.5,2.2902293e-05,0.00011451147,20
8945.0,8950.0,8947.5,2.8627866e-05,0.00014313933,25
8950.0,8955.0,8952.5,1.3741376e-05,6.8706879e-05,12
8955.0,8960.0,8957.5,2.7482752e-05,0.00013741376,24
8960.0,8965.0,8962.5,2.2902293e-05,0.00011451147,20
8965.0,8970.0,8967.5,2.2902293e-05,0.00011451147,20
8970.0,8975.0,8972.5,2.9772981e-05,0.00014886491,26
8975.0,8980.0,8977.5,2.6337637e-05,0.00013168819,23
8980.0,8985.0,8982.5,2.2902293e-05,0.00011451147,20
8985.0,8990.0,8987.5,1.0306032e-05,5.1530159e-05,9
8990.0,8995.0,8992.5,2.8627866e-05,0.00014313933,25
8995.0,9000.0,8997.5,1.9466949e-05,9.7334746e-05,17
9000.0,9005.0,9002.5,2.5192522e-05,0.00012596261,22
9005.0,9010.0,9007.5,2.5192522e-05,0.00012596261,22
9010.0,9015.0,9012.5,2.6337637e-05,0.00013168819,23
9015.0,9020.0,9017.5,2.9772981e-05,0.00014886491,26
9020.0,9025.0,9022.5,1.3741376e-05,6.8706879e-05,12
9025.0,9030.0,9027.5,2.7482752e-05,0.00013741376,24
9030.0,9035.0,9032.5,2.6337637e-05,0.00013168819,23
9035.0,9040.0,9037.5,2.5192522e-05,0.00012596261,22
9040.0,9045.0,9042.5,2.5192522e-05,0.00012596261,22
9045.0,9050.0,9047.5,2.6337637e-05,0.00013168819,23
9050.0,9055.0,9052.5,1.717672e-05,8.5883599e-05,15
9055.0,9060.0,9057.5,2.6337637e-05,0.00013168819,23
9060.0,9065.0,9062.5,1.8321834e-05,9.1609172e-05,16
9065.0,9070.0,9067.5,1.3741376e-05,6.8706879e-05,12
9070.0,9075.0,9072.5,1.4886491e-05,7.4432453e-05,13
9075.0,9080.0,9077.5,1.8321834e-05,9.1609172e-05,16
9080.0,9085.0,9082.5,1.9466949e-05,9.7334746e-05,17
9085.0,9090.0,9087.5,1.2596261e-05,6.2981306e-05,11
9090.0,9095.0,9092.5,2.2902293e-05,0.00011451147,20
9095.0,9100.0,9097.5,2.2902293e-05,0.00011451147,20
9100.0,9105.0,9102.5,1.0306032e-05,5.1530159e-05,9
9105.0,9110.0,9107.5,2.9772981e-05,0.00014886491,26
9110.0,9115.0,9112.5,2.4047408e-05,0.00012023704,21
9115.0,9120.0,9117.5,2.5192522e-05,0.00012596261,22
9120.0,9125.0,9122.5,2.4047408e-05,0.00012023704,21
9125.0,9130.0,9127.5,2.0612064e-05,0.00010306032,18
9130.0,9135.0,9132.5,2.4047408e-05,0.00012023704,21
9135.0,9140.0,9137.5,2.9772981e-05,0.00014886491,26
9140.0,9145.0,9142.5,2.2902293e-05,0.00011451147,20
9145.0,9150.0,9147.5,2.4047408e-05,0.00012023704,21
9150.0,9155.0,9152.5,1.717672e-05,8.5883599e-05,15
9155.0,9160.0,9157.5,1.8321834e-05,9.1609172e-05,16
9160.0,9165.0,9162.5,2.7482752e-05,0.00013741376,24
9165.0,9170.0,9167.5,2.4047408e-05,0.00012023704,21
9170.0,9175.0,9172.5,1.717672e-05,8.5883599e-05,15
9175.0,9180.0,9177.5,2.1757178e-05,0.00010878589,19
9180.0,9185.0,9182.5,2.2902293e-05,0.00011451147,20
9185.0,9190.0,9187.5,2.4047408e-05,0.00012023704,21
9190.0,9195.0,9192.5,2.1757178e-05,0.00010878589,19
9195.0,9200.0,9197.5,2.8627866e-05,0.00014313933,25
9200.0,9205.0,9202.5,3.6643669e-05,0.00018321834,32
9205.0,9210.0,9207.5,1.0306032e-05,5.1530159e-05,9
9210.0,9215.0,9212.5,2.1757178e-05,0.00010878589,19
9215.0,9220.0,9217.5,2.9772981e-05,0.00014886491,26
9220.0,9225.0,9222.5,2.6337637e-05,0.00013168819,23
9225.0,9230.0,9227.5,1.6031605e-05,8.0158026e-05,14
9230.0,9235.0,9232.5,2.5192522e-05,0.00012596261,22
9235.0,9240.0,9237.5,1.9466949e-05,9.7334746e-05,17
9240.0,9245.0,9242.5,1.9466949e-05,9.7334746e-05,17
9245.0,9250.0,9247.5,1.8321834e-05,9.1609172e-05,16
9250.0,9255.0,9252.5,2.0612064e-05,0.00010306032,18
9255.0,9260.0,9257.5,1.717672e-05,8.5883599e-05,15
9260.0,9265.0,9262.5,2.7482752e-05,0.00013741376,24
9265.0,9270.0,9267.5,2.1757178e-05,0.00010878589,19
9270.0,9275.0,9272.5,1.3741376e-05,6.8706879e-05,12
9275.0,9280.0,9277.5,2.1757178e-05,0.00010878589,19
9280.0,9285.0,9282.5,2.8627866e-05,0.00014313933,25
9285.0,9290.0,9287.5,1.8321834e-05,9.1609172e-05,16
9290.0,9295.0,9292.5,2.6337637e-05,0.00013168819,23
9295.0,9300.0,9297.5,1.4886491e-05,7.4432453e-05,13
9300.0,9305.0,9302.5,2.4047408e-05,0.00012023704,21
9305.0,9310.0,9307.5,2.1757178e-05,0.00010878589,19
9310.0,9315.0,9312.5,2.2902293e-05,0.00011451147,20
9315.0,9320.0,9317.5,1.1451147e-05,5.7255733e-05,10
9320.0,9325.0,9322.5,2.5192522e-05,0.00012596261,22
9325.0,9330.0,9327.5,2.0612064e-05,0.00010306032,18
9330.0,9335.0,9332.5,2.1757178e-05,0.00010878589,19
9335.0,9340.0,9337.5,1.4886491e-05,7.4432453e-05,13
9340.0,9345.0,9342.5,1.6031605e-05,8.0158026e-05,14
9345.0,9350.0,9347.5,1.9466949e-05,9.7334746e-05,17
9350.0,9355.0,9352.5,1.717672e-05,8.5883599e-05,15
9355.0,9360.0,9357.5,2.1757178e-05,0.00010878589,19
9360.0,9365.0,9362.5,2.6337637e-05,0.00013168819,23
9365.0,9370.0,9367.5,2.7482752e-05,0.00013741376,24
9370.0,9375.0,9372.5,2.4047408e-05,0.00012023704,21
9375.0,9380.0,9377.5,2.2902293e-05,0.00011451147,20
9380.0,9385.0,9382.5,2.6337637e-05,0.00013168819,23
9385.0,9390.0,9387.5,2.4047408e-05,0.00012023704,21
9390.0,9395.0,9392.5,2.1757178e-05,0.00010878589,19
9395.0,9400.0,9397.5,2.1757178e-05,0.00010878589,19
9400.0,9405.0,9402.5,2.4047408e-05,0.00012023704,21
9405.0,9410.0,9407.5,2.2902293e-05,0.00011451147,20
9410.0,9415.0,9412.5,2.5192522e-05,0.00012596261,22
9415.0,9420.0,9417.5,2.4047408e-05,0.00012023704,21
9420.0,9425.0,9422.5,2.6337637e-05,0.00013168819,23
9425.0,9430.0,9427.5,1.8321834e-05,9.1609172e-05,16
9430.0,9435.0,9432.5,1.717672e-05,8.5883599e-05,15
9435.0,9440.0,9437.5,1.717672e-05,8.5883599e-05,15
9440.0,9445.0,9442.5,2.5192522e-05,0.00012596261,22
9445.0,9450.0,9447.5,1.8321834e-05,9.1609172e-05,16
9450.0,9455.0,9452.5,2.8627866e-05,0.00014313933,25
9455.0,9460.0,9457.5,2.7482752e-05,0.00013741376,24
9460.0,9465.0,9462.5,2.4047408e-05,0.00012023704,21
9465.0,9470.0,9467.5,2.8627866e-05,0.00014313933,25
9470.0,9475.0,9472.5,1.9466949e-05,9.7334746e-05,17
9475.0,9480.0,9477.5,2.4047408e-05,0.00012023704,21
9480.0,9485.0,9482.5,3.0918096e-05,0.00015459048,27
9485.0,9490.0,9487.5,1.6031605e-05,8.0158026e-05,14
9490.0,9495.0,9492.5,2.2902293e-05,0.00011451147,20
9495.0,9500.0,9497.5,2.4047408e-05,0.00012023704,21
9500.0,9505.0,9502.5,1.717672e-05,8.5883599e-05,15
9505.0,9510.0,9507.5,1.3741376e-05,6.8706879e-05,12
9510.0,9515.0,9512.5,2.0612064e-05,0.00010306032,18
9515.0,9520.0,9517.5,2.5192522e-05,0.00012596261,22
9520.0,9525.0,9522.5,1.9466949e-05,9.7334746e-05,17
9525.0,9530.0,9527.5,2.1757178e-05,0.00010878589,19
9530.0,9535.0,9532.5,2.0612064e-05,0.00010306032,18
9535.0,9540.0,9537.5,2.1757178e-05,0.00010878589,19
9540.0,9545.0,9542.5,2.2902293e-05,0.00011451147,20
9545.0,9550.0,9547.5,2.1757178e-05,0.00010878589,19
9550.0,9555.0,9552.5,1.8321834e-05,9.1609172e-05,16
9555.0,9560.0,9557.5,2.2902293e-05,0.00011451147,20
9560.0,9565.0,9562.5,2.6337637e-05,0.00013168819,23
9565.0,9570.0,9567.5,2.0612064e-05,0.00010306032,18
9570.0,9575.0,9572.5,2.4047408e-05,0.00012023704,21
9575.0,9580.0,9577.5,1.717672e-05,8.5883599e-05,15
9580.0,9585.0,9582.5,1.9466949e-05,9.7334746e-05,17
9585.0,9590.0,9587.5,1.6031605e-05,8.0158026e-05,14
9590.0,9595.0,9592.5,1.8321834e-05,9.1609172e-05,16
9595.0,9600.0,9597.5,1.717672e-05,8.5883599e-05,15
9600.0,9605.0,9602.5,2.5192522e-05,0.00012596261,22
9605.0,9610.0,9607.5,2.1757178e-05,0.00010878589,19
9610.0,9615.0,9612.5,2.5192522e-05,0.00012596261,22
9615.0,9620.0,9617.5,2.0612064e-05,0.00010306032,18
9620.0,9625.0,9622.5,2.6337637e-05,0.00013168819,23
9625.0,9630.0,9627.5,1.8321834e-05,9.1609172e-05,16
9630.0,9635.0,9632.5,1.4886491e-05,7.4432453e-05,13
9635.0,9640.0,9637.5,2.8627866e-05,0.00014313933,25
9640.0,9645.0,9642.5,2.2902293e-05,0.00011451147,20
9645.0,9650.0,9647.5,2.8627866e-05,0.00014313933,25
9650.0,9655.0,9652.5,2.2902293e-05,0.00011451147,20
9655.0,9660.0,9657.5,2.2902293e-05,0.00011451147,20
9660.0,9665.0,9662.5,2.0612064e-05,0.00010306032,18
9665.0,9670.0,9667.5,2.1757178e-05,0.00010878589,19
9670.0,9675.0,9672.5,2.2902293e-05,0.00011451147,20
9675.0,9680.0,9677.5,1.6031605e-05,8.0158026e-05,14
9680.0,9685.0,9682.5,2.1757178e-05,0.00010878589,19
9685.0,9690.0,9687.5,2.0612064e-05,0.00010306032,18
9690.0,9695.0,9692.5,2.0612064e-05,0.00010306032,18
9695.0,9700.0,9697.5,2.5192522e-05,0.00012596261,22
9700.0,9705.0,9702.5,2.6337637e-05,0.00013168819,23
9705.0,9710.0,9707.5,2.1757178e-05,0.00010878589,19
9710.0,9715.0,9712.5,1.3741376e-05,6.8706879e-05,12
9715.0,9720.0,9717.5,2.0612064e-05,0.00010306032,18
9720.0,9725.0,9722.5,1.717672e-05,8.5883599e-05,15
9725.0,9730.0,9727.5,2.5192522e-05,0.00012596261,22
9730.0,9735.0,9732.5,1.3741376e-05,6.8706879e-05,12
9735.0,9740.0,9737.5,2.6337637e-05,0.00013168819,23
9740.0,9745.0,9742.5,1.3741376e-05,6.8706879e-05,12
9745.0,9750.0,9747.5,1.6031605e-05,8.0158026e-05,14
9750.0,9755.0,9752.5,2.0612064e-05,0.00010306032,18
9755.0,9760.0,9757.5,1.9466949e-05,9.7334746e-05,17
9760.0,9765.0,9762.5,2.7482752e-05,0.00013741376,24
9765.0,9770.0,9767.5,2.7482752e-05,0.00013741376,24
9770.0,9775.0,9772.5,1.8321834e-05,9.1609172e-05,16
9775.0,9780.0,9777.5,2.5192522e-05,0.00012596261,22
9780.0,9785.0,9782.5,1.3741376e-05,6.8706879e-05,12
9785.0,9790.0,9787.5,1.4886491e-05,7.4432453e-05,13
9790.0,9795.0,9792.5,2.4047408e-05,0.00012023704,21
9795.0,9800.0,9797.5,1.6031605e-05,8.0158026e-05,14
9800.0,9805.0,9802.5,1.9466949e-05,9.7334746e-05,17
9805.0,9810.0,9807.5,2.4047408e-05,0.00012023704,21
9810.0,9815.0,9812.5,1.4886491e-05,7.4432453e-05,13
9815.0,9820.0,9817.5,2.7482752e-05,0.00013741376,24
9820.0,9825.0,9822.5,1.6031605e-05,8.0158026e-05,14
9825.0,9830.0,9827.5,1.8321834e-05,9.1609172e-05,16
9830.0,9835.0,9832.5,2.6337637e-05,0.00013168819,23
9835.0,9840.0,9837.5,2.0612064e-05,0.00010306032,18
9840.0,9845.0,9842.5,1.3741376e-05,6.8706879e-05,12
9845.0,9850.0,9847.5,2.0612064e-05,0.00010306032,18
9850.0,9855.0,9852.5,2.0612064e-05,0.00010306032,18
9855.0,9860.0,9857.5,1.4886491e-05,7.4432453e-05,13
9860.0,9865.0,9862.5,2.1757178e-05,0.00010878589,19
9865.0,9870.0,9867.5,1.3741376e-05,6.8706879e-05,12
9870.0,9875.0,9872.5,1.3741376e-05,6.8706879e-05,12
9875.0,9880.0,9877.5,1.4886491e-05,7.4432453e-05,13
9880.0,9885.0,9882.5,1.8321834e-05,9.1609172e-05,16
9885.0,9890.0,9887.5,2.1757178e-05,0.00010878589,19
9890.0,9895.0,9892.5,2.0612064e-05,0.00010306032,18
9895.0,9900.0,9897.5,2.6337637e-05,0.00013168819,23
9900.0,9905.0,9902.5,2.4047408e-05,0.00012023704,21
9905.0,9910.0,9907.5,2.0612064e-05,0.00010306032,18
9910.0,9915.0,9912.5,2.8627866e-05,0.00014313933,25
9915.0,9920.0,9917.5,1.9466949e-05,9.7334746e-05,17
9920.0,9925.0,9922.5,1.9466949e-05,9.7334746e-05,17
9925.0,9930.0,9927.5,1.4886491e-05,7.4432453e-05,13
9930.0,9935.0,9932.5,1.6031605e-05,8.0158026e-05,14
9935.0,9940.0,9937.5,2.6337637e-05,0.00013168819,23
9940.0,9945.0,9942.5,1.8321834e-05,9.1609172e-05,16
9945.0,9950.0,9947.5,1.1451147e-05,5.7255733e-05,10
9950.0,9955.0,9952.5,2.8627866e-05,0.00014313933,25
9955.0,9960.0,9957.5,1.717672e-05,8.5883599e-05,15
9960.0,9965.0,9962.5,1.2596261e-05,6.2981306e-05,11
9965.0,9970.0,9967.5,1.3741376e-05,6.8706879e-05,12
9970.0,9975.0,9972.5,1.1451147e-05,5.7255733e-05,10
9975.0,9980.0,9977.5,1.4886491e-05,7.4432453e-05,13
9980.0,9985.0,9982.5,1.9466949e-05,9.7334746e-05,17
9985.0,9990.0,9987.5,1.9466949e-05,9.7334746e-05,17
9990.0,9995.0,9992.5,1.4886491e-05,7.4432453e-05,13
9995.0,10000.0,9997.5,1.8321834e-05,9.1609172e-05,16
10000.0,10005.0,10002.5,1.1451147e-05,5.7255733e-05,10
10005.0,10010.0,10007.5,2.1757178e-05,0.00010878589,19
10010.0,10015.0,10012.5,1.717672e-05,8.5883599e-05,15
10015.0,10020.0,10017.5,1.8321834e-05,9.1609172e-05,16
10020.0,10025.0,10022.5,1.8321834e-05,9.1609172e-05,16
10025.0,10030.0,10027.5,1.717672e-05,8.5883599e-05,15
10030.0,10035.0,10032.5,1.717672e-05,8.5883599e-05,15
10035.0,10040.0,10037.5,2.6337637e-05,0.00013168819,23
10040.0,10045.0,10042.5,2.0612064e-05,0.00010306032,18
10045.0,10050.0,10047.5,1.8321834e-05,9.1609172e-05,16
10050.0,10055.0,10052.5,1.6031605e-05,8.0158026e-05,14
10055.0,10060.0,10057.5,2.4047408e-05,0.00012023704,21
10060.0,10065.0,10062.5,1.717672e-05,8.5883599e-05,15
10065.0,10070.0,10067.5,2.1757178e-05,0.00010878589,19
10070.0,10075.0,10072.5,2.4047408e-05,0.00012023704,21
10075.0,10080.0,10077.5,1.717672e-05,8.5883599e-05,15
10080.0,10085.0,10082.5,2.4047408e-05,0.00012023704,21
10085.0,10090.0,10087.5,2.7482752e-05,0.00013741376,24
10090.0,10095.0,10092.5,1.717672e-05,8.5883599e-05,15
10095.0,10100.0,10097.5,1.9466949e-05,9.7334746e-05,17
10100.0,10105.0,10102.5,1.9466949e-05,9.7334746e-05,17
10105.0,10110.0,10107.5,2.4047408e-05,0.00012023704,21
10110.0,10115.0,10112.5,1.8321834e-05,9.1609172e-05,16
10115.0,10120.0,10117.5,1.6031605e-05,8.0158026e-05,14
10120.0,10125.0,10122.5,2.5192522e-05,0.00012596261,22
10125.0,10130.0,10127.5,1.4886491e-05,7.4432453e-05,13
10130.0,10135.0,10132.5,1.4886491e-05,7.4432453e-05,13
10135.0,10140.0,10137.5,1.9466949e-05,9.7334746e-05,17
10140.0,10145.0,10142.5,2.0612064e-05,0.00010306032,18
10145.0,10150.0,10147.5,1.8321834e-05,9.1609172e-05,16
10150.0,10155.0,10152.5,1.0306032e-05,5.1530159e-05,9
10155.0,10160.0,10157.5,2.0612064e-05,0.00010306032,18
10160.0,10165.0,10162.5,1.4886491e-05,7.4432453e-05,13
10165.0,10170.0,10167.5,1.9466949e-05,9.7334746e-05,17
10170.0,10175.0,10172.5,1.8321834e-05,9.1609172e-05,16
10175.0,10180.0,10177.5,1.8321834e-05,9.1609172e-05,16
10180.0,10185.0,10182.5,1.6031605e-05,8.0158026e-05,14
10185.0,10190.0,10187.5,2.4047408e-05,0.00012023704,21
10190.0,10195.0,10192.5,1.717672e-05,8.5883599e-05,15
10195.0,10200.0,10197.5,1.3741376e-05,6.8706879e-05,12
10200.0,10205.0,10202.5,1.8321834e-05,9.1609172e-05,16
10205.0,10210.0,10207.5,2.0612064e-05,0.00010306032,18
10210.0,10215.0,10212.5,2.2902293e-05,0.00011451147,20
10215.0,10220.0,10217.5,1.4886491e-05,7.4432453e-05,13
10220.0,10225.0,10222.5,1.3741376e-05,6.8706879e-05,12
10225.0,10230.0,10227.5,2.0612064e-05,0.00010306032,18
10230.0,10235.0,10232.5,2.0612064e-05,0.00010306032,18
10235.0,10240.0,10237.5,2.5192522e-05,0.00012596261,22
10240.0,10245.0,10242.5,2.5192522e-05,0.00012596261,22
10245.0,10250.0,10247.5,1.1451147e-05,5.7255733e-05,10
10250.0,10255.0,10252.5,1.3741376e-05,6.8706879e-05,12
10255.0,10260.0,10257.5,1.9466949e-05,9.7334746e-05,17
10260.0,10265.0,10262.5,1.6031605e-05,8.0158026e-05,14
10265.0,10270.0,10267.5,2.2902293e-05,0.00011451147,20
10270.0,10275.0,10272.5,2.1757178e-05,0.00010878589,19
10275.0,10280.0,10277.5,1.717672e-05,8.5883599e-05,15
10280.0,10285.0,10282.5,2.0612064e-05,0.00010306032,18
10285.0,10290.0,10287.5,1.3741376e-05,6.8706879e-05,12
10290.0,10295.0,10292.5,2.1757178e-05,0.00010878589,19
10295.0,10300.0,10297.5,2.0612064e-05,0.00010306032,18
10300.0,10305.0,10302.5,1.9466949e-05,9.7334746e-05,17
10305.0,10310.0,10307.5,1.717672e-05,8.5883599e-05,15
10310.0,10315.0,10312.5,1.717672e-05,8.5883599e-05,15
10315.0,10320.0,10317.5,2.0612064e-05,0.00010306032,18
10320.0,10325.0,10322.5,1.4886491e-05,7.4432453e-05,13
10325.0,10330.0,10327.5,1.4886491e-05,7.4432453e-05,13
10330.0,10335.0,10332.5,1.3741376e-05,6.8706879e-05,12
10335.0,10340.0,10337.5,2.1757178e-05,0.00010878589,19
10340.0,10345.0,10342.5,1.717672e-05,8.5883599e-05,15
10345.0,10350.0,10347.5,2.0612064e-05,0.00010306032,18
10350.0,10355.0,10352.5,3.0918096e-05,0.00015459048,27
10355.0,10360.0,10357.5,2.1757178e-05,0.00010878589,19
10360.0,10365.0,10362.5,1.3741376e-05,6.8706879e-05,12
10365.0,10370.0,10367.5,1.9466949e-05,9.7334746e-05,17
10370.0,10375.0,10372.5,2.0612064e-05,0.00010306032,18
10375.0,10380.0,10377.5,1.6031605e-05,8.0158026e-05,14
10380.0,10385.0,10382.5,2.5192522e-05,0.00012596261,22
10385.0,10390.0,10387.5,1.8321834e-05,9.1609172e-05,16
10390.0,10395.0,10392.5,1.9466949e-05,9.7334746e-05,17
10395.0,10400.0,10397.5,2.0612064e-05,0.00010306032,18
10400.0,10405.0,10402.5,1.6031605e-05,8.0158026e-05,14
10405.0,10410.0,10407.5,1.717672e-05,8.5883599e-05,15
10410.0,10415.0,10412.5,1.3741376e-05,6.8706879e-05,12
10415.0,10420.0,10417.5,1.0306032e-05,5.1530159e-05,9
10420.0,10425.0,10422.5,2.6337637e-05,0.00013168819,23
10425.0,10430.0,10427.5,1.4886491e-05,7.4432453e-05,13
10430.0,10435.0,10432.5,2.0612064e-05,0.00010306032,18
10435.0,10440.0,10437.5,1.717672e-05,8.5883599e-05,15
10440.0,10445.0,10442.5,2.9772981e-05,0.00014886491,26
10445.0,10450.0,10447.5,2.0612064e-05,0.00010306032,18
10450.0,10455.0,10452.5,2.4047408e-05,0.00012023704,21
10455.0,10460.0,10457.5,2.8627866e-05,0.00014313933,25
10460.0,10465.0,10462.5,1.717672e-05,8.5883599e-05,15
10465.0,10470.0,10467.5,1.9466949e-05,9.7334746e-05,17
10470.0,10475.0,10472.5,2.0612064e-05,0.00010306032,18
10475.0,10480.0,10477.5,2.2902293e-05,0.00011451147,20
10480.0,10485.0,10482.5,1.2596261e-05,6.2981306e-05,11
10485.0,10490.0,10487.5,1.9466949e-05,9.7334746e-05,17
10490.0,10495.0,10492.5,2.0612064e-05,0.00010306032,18
10495.0,10500.0,10497.5,8.0158026e-06,4.0079013e-05,7
10500.0,10505.0,10502.5,1.2596261e-05,6.2981306e-05,11
10505.0,10510.0,10507.5,1.9466949e-05,9.7334746e-05,17
10510.0,10515.0,10512.5,2.5192522e-05,0.00012596261,22
10515.0,10520.0,10517.5,2.1757178e-05,0.00010878589,19
10520.0,10525.0,10522.5,2.8627866e-05,0.00014313933,25
10525.0,10530.0,10527.5,1.3741376e-05,6.8706879e-05,12
10530.0,10535.0,10532.5,1.1451147e-05,5.7255733e-05,10
10535.0,10540.0,10537.5,1.6031605e-05,8.0158026e-05,14
10540.0,10545.0,10542.5,1.4886491e-05,7.4432453e-05,13
10545.0,10550.0,10547.5,1.3741376e-05,6.8706879e-05,12
10550.0,10555.0,10552.5,1.0306032e-05,5.1530159e-05,9
10555.0,10560.0,10557.5,1.9466949e-05,9.7334746e-05,17
10560.0,10565.0,10562.5,1.3741376e-05,6.8706879e-05,12
10565.0,10570.0,10567.5,2.2902293e-05,0.00011451147,20
10570.0,10575.0,10572.5,1.0306032e-05,5.1530159e-05,9
10575.0,10580.0,10577.5,1.717672e-05,8.5883599e-05,15
10580.0,10585.0,10582.5,2.6337637e-05,0.00013168819,23
10585.0,10590.0,10587.5,1.6031605e-05,8.0158026e-05,14
10590.0,10595.0,10592.5,1.717672e-05,8.5883599e-05,15
10595.0,10600.0,10597.5,2.1757178e-05,0.00010878589,19
10600.0,10605.0,10602.5,1.8321834e-05,9.1609172e-05,16
10605.0,10610.0,10607.5,1.717672e-05,8.5883599e-05,15
10610.0,10615.0,10612.5,2.8627866e-05,0.00014313933,25
10615.0,10620.0,10617.5,2.0612064e-05,0.00010306032,18
10620.0,10625.0,10622.5,1.4886491e-05,7.4432453e-05,13
10625.0,10630.0,10627.5,1.6031605e-05,8.0158026e-05,14
10630.0,10635.0,10632.5,1.8321834e-05,9.1609172e-05,16
10635.0,10640.0,10637.5,1.6031605e-05,8.0158026e-05,14
10640.0,10645.0,10642.5,1.9466949e-05,9.7334746e-05,17
10645.0,10650.0,10647.5,2.0612064e-05,0.00010306032,18
10650.0,10655.0,10652.5,2.6337637e-05,0.00013168819,23
10655.0,10660.0,10657.5,1.717672e-05,8.5883599e-05,15
10660.0,10665.0,10662.5,2.6337637e-05,0.00013168819,23
10665.0,10670.0,10667.5,1.6031605e-05,8.0158026e-05,14
10670.0,10675.0,10672.5,2.6337637e-05,0.00013168819,23
10675.0,10680.0,10677.5,1.3741376e-05,6.8706879e-05,12
10680.0,10685.0,10682.5,1.6031605e-05,8.0158026e-05,14
10685.0,10690.0,10687.5,1.717672e-05,8.5883599e-05,15
10690.0,10695.0,10692.5,2.0612064e-05,0.00010306032,18
10695.0,10700.0,10697.5,1.6031605e-05,8.0158026e-05,14
10700.0,10705.0,10702.5,1.3741376e-05,6.8706879e-05,12
10705.0,10710.0,10707.5,1.8321834e-05,9.1609172e-05,16
10710.0,10715.0,10712.5,1.8321834e-05,9.1609172e-05,16
10715.0,10720.0,10717.5,2.4047408e-05,0.00012023704,21
10720.0,10725.0,10722.5,1.8321834e-05,9.1609172e-05,16
10725.0,10730.0,10727.5,1.4886491e-05,7.4432453e-05,13
10730.0,10735.0,10732.5,1.717672e-05,8.5883599e-05,15
10735.0,10740.0,10737.5,1.717672e-05,8.5883599e-05,15
10740.0,10745.0,10742.5,1.717672e-05,8.5883599e-05,15
10745.0,10750.0,10747.5,1.8321834e-05,9.1609172e-05,16
10750.0,10755.0,10752.5,1.4886491e-05,7.4432453e-05,13
10755.0,10760.0,10757.5,1.9466949e-05,9.7334746e-05,17
10760.0,10765.0,10762.5,2.2902293e-05,0.00011451147,20
10765.0,10770.0,10767.5,1.6031605e-05,8.0158026e-05,14
10770.0,10775.0,10772.5,2.6337637e-05,0.00013168819,23
10775.0,10780.0,10777.5,1.717672e-05,8.5883599e-05,15
10780.0,10785.0,10782.5,1.4886491e-05,7.4432453e-05,13
10785.0,10790.0,10787.5,2.0612064e-05,0.00010306032,18
10790.0,10795.0,10792.5,1.3741376e-05,6.8706879e-05,12
10795.0,10800.0,10797.5,1.6031605e-05,8.0158026e-05,14
10800.0,10805.0,10802.5,2.1757178e-05,0.00010878589,19
10805.0,10810.0,10807.5,1.4886491e-05,7.4432453e-05,13
10810.0,10815.0,10812.5,1.3741376e-05,6.8706879e-05,12
10815.0,10820.0,10817.5,1.2596261e-05,6.2981306e-05,11
10820.0,10825.0,10822.5,1.1451147e-05,5.7255733e-05,10
10825.0,10830.0,10827.5,1.4886491e-05,7.4432453e-05,13
10830.0,10835.0,10832.5,1.0306032e-05,5.1530159e-05,9
10835.0,10840.0,10837.5,2.5192522e-05,0.00012596261,22
10840.0,10845.0,10842.5,1.0306032e-05,5.1530159e-05,9
10845.0,10850.0,10847.5,1.9466949e-05,9.7334746e-05,17
10850.0,10855.0,10852.5,2.2902293e-05,0.00011451147,20
10855.0,10860.0,10857.5,1.3741376e-05,6.8706879e-05,12
10860.0,10865.0,10862.5,9.1609172e-06,4.5804586e-05,8
10865.0,10870.0,10867.5,1.3741376e-05,6.8706879e-05,12
10870.0,10875.0,10872.5,1.6031605e-05,8.0158026e-05,14
10875.0,10880.0,10877.5,1.3741376e-05,6.8706879e-05,12
10880.0,10885.0,10882.5,2.8627866e-05,0.00014313933,25
10885.0,10890.0,10887.5,2.1757178e-05,0.00010878589,19
10890.0,10895.0,10892.5,2.6337637e-05,0.00013168819,23
10895.0,10900.0,10897.5,1.4886491e-05,7.4432453e-05,13
10900.0,10905.0,10902.5,1.3741376e-05,6.8706879e-05,12
10905.0,10910.0,10907.5,1.4886491e-05,7.4432453e-05,13
10910.0,10915.0,10912.5,2.1757178e-05,0.00010878589,19
10915.0,10920.0,10917.5,2.0612064e-05,0.00010306032,18
10920.0,10925.0,10922.5,1.3741376e-05,6.8706879e-05,12
10925.0,10930.0,10927.5,1.6031605e-05,8.0158026e-05,14
10930.0,10935.0,10932.5,1.4886491e-05,7.4432453e-05,13
10935.0,10940.0,10937.5,1.4886491e-05,7.4432453e-05,13
10940.0,10945.0,10942.5,2.2902293e-05,0.00011451147,20
10945.0,10950.0,10947.5,1.8321834e-05,9.1609172e-05,16
10950.0,10955.0,10952.5,1.3741376e-05,6.8706879e-05,12
10955.0,10960.0,10957.5,6.8706879e-06,3.435344e-05,6
10960.0,10965.0,10962.5,1.8321834e-05,9.1609172e-05,16
10965.0,10970.0,10967.5,2.0612064e-05,0.00010306032,18
10970.0,10975.0,10972.5,1.3741376e-05,6.8706879e-05,12
10975.0,10980.0,10977.5,1.2596261e-05,6.2981306e-05,11
10980.0,10985.0,10982.5,9.1609172e-06,4.5804586e-05,8
10985.0,10990.0,10987.5,1.717672e-05,8.5883599e-05,15
10990.0,10995.0,10992.5,9.1609172e-06,4.5804586e-05,8
10995.0,11000.0,10997.5,3.435344e-05,0.0001717672,30
11000.0,11005.0,11002.5,1.2596261e-05,6.2981306e-05,11
11005.0,11010.0,11007.5,2.4047408e-05,0.00012023704,21
11010.0,11015.0,11012.5,1.3741376e-05,6.8706879e-05,12
11015.0,11020.0,11017.5,2.0612064e-05,0.00010306032,18
11020.0,11025.0,11022.5,1.3741376e-05,6.8706879e-05,12
11025.0,11030.0,11027.5,8.0158026e-06,4.0079013e-05,7
11030.0,11035.0,11032.5,1.717672e-05,8.5883599e-05,15
11035.0,11040.0,11037.5,1.4886491e-05,7.4432453e-05,13
11040.0,11045.0,11042.5,1.4886491e-05,7.4432453e-05,13
11045.0,11050.0,11047.5,1.6031605e-05,8.0158026e-05,14
11050.0,11055.0,11052.5,2.4047408e-05,0.00012023704,21
11055.0,11060.0,11057.5,2.1757178e-05,0.00010878589,19
11060.0,11065.0,11062.5,1.8321834e-05,9.1609172e-05,16
11065.0,11070.0,11067.5,2.1757178e-05,0.00010878589,19
11070.0,11075.0,11072.5,1.1451147e-05,5.7255733e-05,10
11075.0,11080.0,11077.5,1.2596261e-05,6.2981306e-05,11
11080.0,11085.0,11082.5,1.6031605e-05,8.0158026e-05,14
11085.0,11090.0,11087.5,1.3741376e-05,6.8706879e-05,12
11090.0,11095.0,11092.5,1.6031605e-05,8.0158026e-05,14
11095.0,11100.0,11097.5,2.2902293e-05,0.00011451147,20
11100.0,11105.0,11102.5,2.1757178e-05,0.00010878589,19
11105.0,11110.0,11107.5,1.717672e-05,8.5883599e-05,15
11110.0,11115.0,11112.5,1.6031605e-05,8.0158026e-05,14
11115.0,11120.0,11117.5,1.6031605e-05,8.0158026e-05,14
11120.0,11125.0,11122.5,1.1451147e-05,5.7255733e-05,10
11125.0,11130.0,11127.5,1.4886491e-05,7.4432453e-05,13
11130.0,11135.0,11132.5,1.3741376e-05,6.8706879e-05,12
11135.0,11140.0,11137.5,1.1451147e-05,5.7255733e-05,10
11140.0,11145.0,11142.5,1.2596261e-05,6.2981306e-05,11
11145.0,11150.0,11147.5,2.5192522e-05,0.00012596261,22
11150.0,11155.0,11152.5,1.4886491e-05,7.4432453e-05,13
11155.0,11160.0,11157.5,1.717672e-05,8.5883599e-05,15
11160.0,11165.0,11162.5,2.0612064e-05,0.00010306032,18
11165.0,11170.0,11167.5,1.2596261e-05,6.2981306e-05,11
11170.0,11175.0,11172.5,2.0612064e-05,0.00010306032,18
11175.0,11180.0,11177.5,1.717672e-05,8.5883599e-05,15
11180.0,11185.0,11182.5,1.4886491e-05,7.4432453e-05,13
11185.0,11190.0,11187.5,1.6031605e-05,8.0158026e-05,14
11190.0,11195.0,11192.5,2.6337637e-05,0.00013168819,23
11195.0,11200.0,11197.5,1.4886491e-05,7.4432453e-05,13
11200.0,11205.0,11202.5,1.2596261e-05,6.2981306e-05,11
11205.0,11210.0,11207.5,1.717672e-05,8.5883599e-05,15
11210.0,11215.0,11212.5,1.4886491e-05,7.4432453e-05,13
11215.0,11220.0,11217.5,9.1609172e-06,4.5804586e-05,8
11220.0,11225.0,11222.5,1.4886491e-05,7.4432453e-05,13
11225.0,11230.0,11227.5,1.4886491e-05,7.4432453e-05,13
11230.0,11235.0,11232.5,9.1609172e-06,4.5804586e-05,8
11235.0,11240.0,11237.5,1.6031605e-05,8.0158026e-05,14
11240.0,11245.0,11242.5,1.2596261e-05,6.2981306e-05,11
11245.0,11250.0,11247.5,1.717672e-05,8.5883599e-05,15
11250.0,11255.0,11252.5,1.8321834e-05,9.1609172e-05,16
11255.0,11260.0,11257.5,1.4886491e-05,7.4432453e-05,13
11260.0,11265.0,11262.5,8.0158026e-06,4.0079013e-05,7
11265.0,11270.0,11267.5,1.2596261e-05,6.2981306e-05,11
11270.0,11275.0,11272.5,1.717672e-05,8.5883599e-05,15
11275.0,11280.0,11277.5,1.1451147e-05,5.7255733e-05,10
11280.0,11285.0,11282.5,9.1609172e-06,4.5804586e-05,8
11285.0,11290.0,11287.5,1.0306032e-05,5.1530159e-05,9
11290.0,11295.0,11292.5,1.2596261e-05,6.2981306e-05,11
11295.0,11300.0,11297.5,1.4886491e-05,7.4432453e-05,13
11300.0,11305.0,11302.5,1.2596261e-05,6.2981306e-05,11
11305.0,11310.0,11307.5,8.0158026e-06,4.0079013e-05,7
11310.0,11315.0,11312.5,1.8321834e-05,9.1609172e-05,16
11315.0,11320.0,11317.5,1.9466949e-05,9.7334746e-05,17
11320.0,11325.0,11322.5,1.4886491e-05,7.4432453e-05,13
11325.0,11330.0,11327.5,2.1757178e-05,0.00010878589,19
11330.0,11335.0,11332.5,1.1451147e-05,5.7255733e-05,10
11335.0,11340.0,11337.5,8.0158026e-06,4.0079013e-05,7
11340.0,11345.0,11342.5,2.1757178e-05,0.00010878589,19
11345.0,11350.0,11347.5,1.1451147e-05,5.7255733e-05,10
11350.0,11355.0,11352.5,1.4886491e-05,7.4432453e-05,13
11355.0,11360.0,11357.5,1.4886491e-05,7.4432453e-05,13
11360.0,11365.0,11362.5,1.0306032e-05,5.1530159e-05,9
11365.0,11370.0,11367.5,1.1451147e-05,5.7255733e-05,10
11370.0,11375.0,11372.5,9.1609172e-06,4.5804586e-05,8
11375.0,11380.0,11377.5,1.0306032e-05,5.1530159e-05,9
11380.0,11385.0,11382.5,1.8321834e-05,9.1609172e-05,16
11385.0,11390.0,11387.5,1.2596261e-05,6.2981306e-05,11
11390.0,11395.0,11392.5,1.8321834e-05,9.1609172e-05,16
11395.0,11400.0,11397.5,1.717672e-05,8.5883599e-05,15
11400.0,11405.0,11402.5,1.2596261e-05,6.2981306e-05,11
11405.0,11410.0,11407.5,1.4886491e-05,7.4432453e-05,13
11410.0,11415.0,11412.5,1.4886491e-05,7.4432453e-05,13
11415.0,11420.0,11417.5,8.0158026e-06,4.0079013e-05,7
11420.0,11425.0,11422.5,1.4886491e-05,7.4432453e-05,13
11425.0,11430.0,11427.5,1.4886491e-05,7.4432453e-05,13
11430.0,11435.0,11432.5,1.717672e-05,8.5883599e-05,15
11435.0,11440.0,11437.5,1.2596261e-05,6.2981306e-05,11
11440.0,11445.0,11442.5,1.2596261e-05,6.2981306e-05,11
11445.0,11450.0,11447.5,1.1451147e-05,5.7255733e-05,10
11450.0,11455.0,11452.5,8.0158026e-06,4.0079013e-05,7
11455.0,11460.0,11457.5,1.4886491e-05,7.4432453e-05,13
11460.0,11465.0,11462.5,1.717672e-05,8.5883599e-05,15
11465.0,11470.0,11467.5,1.4886491e-05,7.4432453e-05,13
11470.0,11475.0,11472.5,9.1609172e-06,4.5804586e-05,8
11475.0,11480.0,11477.5,1.1451147e-05,5.7255733e-05,10
11480.0,11485.0,11482.5,1.1451147e-05,5.7255733e-05,10
11485.0,11490.0,11487.5,1.1451147e-05,5.7255733e-05,10
11490.0,11495.0,11492.5,1.3741376e-05,6.8706879e-05,12
11495.0,11500.0,11497.5,1.0306032e-05,5.1530159e-05,9
11500.0,11505.0,11502.5,1.717672e-05,8.5883599e-05,15
11505.0,11510.0,11507.5,1.3741376e-05,6.8706879e-05,12
11510.0,11515.0,11512.5,1.2596261e-05,6.2981306e-05,11
11515.0,11520.0,11517.5,1.4886491e-05,7.4432453e-05,13
11520.0,11525.0,11522.5,1.1451147e-05,5.7255733e-05,10
11525.0,11530.0,11527.5,2.0612064e-05,0.00010306032,18
11530.0,11535.0,11532.5,1.717672e-05,8.5883599e-05,15
11535.0,11540.0,11537.5,1.1451147e-05,5.7255733e-05,10
11540.0,11545.0,11542.5,1.9466949e-05,9.7334746e-05,17
11545.0,11550.0,11547.5,1.6031605e-05,8.0158026e-05,14
11550.0,11555.0,11552.5,1.717672e-05,8.5883599e-05,15
11555.0,11560.0,11557.5,1.1451147e-05,5.7255733e-05,10
11560.0,11565.0,11562.5,8.0158026e-06,4.0079013e-05,7
11565.0,11570.0,11567.5,2.7482752e-05,0.00013741376,24
11570.0,11575.0,11572.5,1.8321834e-05,9.1609172e-05,16
11575.0,11580.0,11577.5,1.8321834e-05,9.1609172e-05,16
11580.0,11585.0,11582.5,1.0306032e-05,5.1530159e-05,9
11585.0,11590.0,11587.5,1.717672e-05,8.5883599e-05,15
11590.0,11595.0,11592.5,8.0158026e-06,4.0079013e-05,7
11595.0,11600.0,11597.5,1.9466949e-05,9.7334746e-05,17
11600.0,11605.0,11602.5,1.4886491e-05,7.4432453e-05,13
11605.0,11610.0,11607.5,1.0306032e-05,5.1530159e-05,9
11610.0,11615.0,11612.5,1.9466949e-05,9.7334746e-05,17
11615.0,11620.0,11617.5,1.2596261e-05,6.2981306e-05,11
11620.0,11625.0,11622.5,6.8706879e-06,3.435344e-05,6
11625.0,11630.0,11627.5,1.717672e-05,8.5883599e-05,15
11630.0,11635.0,11632.5,1.3741376e-05,6.8706879e-05,12
11635.0,11640.0,11637.5,2.6337637e-05,0.00013168819,23
11640.0,11645.0,11642.5,2.0612064e-05,0.00010306032,18
11645.0,11650.0,11647.5,1.6031605e-05,8.0158026e-05,14
11650.0,11655.0,11652.5,1.1451147e-05,5.7255733e-05,10
11655.0,11660.0,11657.5,1.2596261e-05,6.2981306e-05,11
11660.0,11665.0,11662.5,1.2596261e-05,6.2981306e-05,11
11665.0,11670.0,11667.5,1.8321834e-05,9.1609172e-05,16
11670.0,11675.0,11672.5,1.4886491e-05,7.4432453e-05,13
11675.0,11680.0,11677.5,9.1609172e-06,4.5804586e-05,8
11680.0,11685.0,11682.5,1.8321834e-05,9.1609172e-05,16
11685.0,11690.0,11687.5,1.4886491e-05,7.4432453e-05,13
11690.0,11695.0,11692.5,1.2596261e-05,6.2981306e-05,11
11695.0,11700.0,11697.5,1.6031605e-05,8.0158026e-05,14
11700.0,11705.0,11702.5,2.0612064e-05,0.00010306032,18
11705.0,11710.0,11707.5,1.4886491e-05,7.4432453e-05,13
11710.0,11715.0,11712.5,9.1609172e-06,4.5804586e-05,8
11715.0,11720.0,11717.5,1.2596261e-05,6.2981306e-05,11
11720.0,11725.0,11722.5,1.2596261e-05,6.2981306e-05,11
11725.0,11730.0,11727.5,9.1609172e-06,4.5804586e-05,8
11730.0,11735.0,11732.5,1.1451147e-05,5.7255733e-05,10
11735.0,11740.0,11737.5,1.6031605e-05,8.0158026e-05,14
11740.0,11745.0,11742.5,9.1609172e-06,4.5804586e-05,8
11745.0,11750.0,11747.5,1.6031605e-05,8.0158026e-05,14
11750.0,11755.0,11752.5,2.0612064e-05,0.00010306032,18
11755.0,11760.0,11757.5,1.0306032e-05,5.1530159e-05,9
11760.0,11765.0,11762.5,1.9466949e-05,9.7334746e-05,17
11765.0,11770.0,11767.5,1.1451147e-05,5.7255733e-05,10
11770.0,11775.0,11772.5,9.1609172e-06,4.5804586e-05,8
11775.0,11780.0,11777.5,1.3741376e-05,6.8706879e-05,12
11780.0,11785.0,11782.5,9.1609172e-06,4.5804586e-05,8
11785.0,11790.0,11787.5,1.3741376e-05,6.8706879e-05,12
11790.0,11795.0,11792.5,1.4886491e-05,7.4432453e-05,13
11795.0,11800.0,11797.5,1.717672e-05,8.5883599e-05,15
11800.0,11805.0,11802.5,1.2596261e-05,6.2981306e-05,11
11805.0,11810.0,11807.5,1.3741376e-05,6.8706879e-05,12
11810.0,11815.0,11812.5,1.1451147e-05,5.7255733e-05,10
11815.0,11820.0,11817.5,8.0158026e-06,4.0079013e-05,7
11820.0,11825.0,11822.5,1.717672e-05,8.5883599e-05,15
11825.0,11830.0,11827.5,9.1609172e-06,4.5804586e-05,8
11830.0,11835.0,11832.5,1.1451147e-05,5.7255733e-05,10
11835.0,11840.0,11837.5,1.4886491e-05,7.4432453e-05,13
11840.0,11845.0,11842.5,1.3741376e-05,6.8706879e-05,12
11845.0,11850.0,11847.5,1.3741376e-05,6.8706879e-05,12
11850.0,11855.0,11852.5,1.0306032e-05,5.1530159e-05,9
11855.0,11860.0,11857.5,2.4047408e-05,0.00012023704,21
11860.0,11865.0,11862.5,1.3741376e-05,6.8706879e-05,12
11865.0,11870.0,11867.5,1.6031605e-05,8.0158026e-05,14
11870.0,11875.0,11872.5,1.4886491e-05,7.4432453e-05,13
11875.0,11880.0,11877.5,6.8706879e-06,3.435344e-05,6
11880.0,11885.0,11882.5,1.717672e-05,8.5883599e-05,15
11885.0,11890.0,11887.5,5.7255733e-06,2.8627866e-05,5
11890.0,11895.0,11892.5,1.9466949e-05,9.7334746e-05,17
11895.0,11900.0,11897.5,1.9466949e-05,9.7334746e-05,17
11900.0,11905.0,11902.5,8.0158026e-06,4.0079013e-05,7
11905.0,11910.0,11907.5,1.1451147e-05,5.7255733e-05,10
11910.0,11915.0,11912.5,1.8321834e-05,9.1609172e-05,16
11915.0,11920.0,11917.5,1.2596261e-05,6.2981306e-05,11
11920.0,11925.0,11922.5,8.0158026e-06,4.0079013e-05,7
11925.0,11930.0,11927.5,1.1451147e-05,5.7255733e-05,10
11930.0,11935.0,11932.5,1.8321834e-05,9.1609172e-05,16
11935.0,11940.0,11937.5,1.1451147e-05,5.7255733e-05,10
11940.0,11945.0,11942.5,1.1451147e-05,5.7255733e-05,10
11945.0,11950.0,11947.5,1.3741376e-05,6.8706879e-05,12
11950.0,11955.0,11952.5,9.1609172e-06,4.5804586e-05,8
11955.0,11960.0,11957.5,1.8321834e-05,9.1609172e-05,16
11960.0,11965.0,11962.5,9.1609172e-06,4.5804586e-05,8
11965.0,11970.0,11967.5,1.9466949e-05,9.7334746e-05,17
11970.0,11975.0,11972.5,1.717672e-05,8.5883599e-05,15
11975.0,11980.0,11977.5,1.0306032e-05,5.1530159e-05,9
11980.0,11985.0,11982.5,6.8706879e-06,3.435344e-05,6
11985.0,11990.0,11987.5,2.2902293e-05,0.00011451147,20
11990.0,11995.0,11992.5,9.1609172e-06,4.5804586e-05,8
11995.0,12000.0,11997.5,1.6031605e-05,8.0158026e-05,14
12000.0,12005.0,12002.5,1.0306032e-05,5.1530159e-05,9
12005.0,12010.0,12007.5,9.1609172e-06,4.5804586e-05,8
12010.0,12015.0,12012.5,1.4886491e-05,7.4432453e-05,13
12015.0,12020.0,12017.5,1.4886491e-05,7.4432453e-05,13
12020.0,12025.0,12022.5,1.3741376e-05,6.8706879e-05,12
12025.0,12030.0,12027.5,1.4886491e-05,7.4432453e-05,13
12030.0,12035.0,12032.5,6.8706879e-06,3.435344e-05,6
12035.0,12040.0,12037.5,9.1609172e-06,4.5804586e-05,8
12040.0,12045.0,12042.5,1.6031605e-05,8.0158026e-05,14
12045.0,12050.0,12047.5,1.4886491e-05,7.4432453e-05,13
12050.0,12055.0,12052.5,1.717672e-05,8.5883599e-05,15
12055.0,12060.0,12057.5,1.4886491e-05,7.4432453e-05,13
12060.0,12065.0,12062.5,1.0306032e-05,5.1530159e-05,9
12065.0,12070.0,12067.5,8.0158026e-06,4.0079013e-05,7
12070.0,12075.0,12072.5,1.3741376e-05,6.8706879e-05,12
12075.0,12080.0,12077.5,1.0306032e-05,5.1530159e-05,9
12080.0,12085.0,12082.5,1.6031605e-05,8.0158026e-05,14
12085.0,12090.0,12087.5,1.2596261e-05,6.2981306e-05,11
12090.0,12095.0,12092.5,1.4886491e-05,7.4432453e-05,13
12095.0,12100.0,12097.5,1.0306032e-05,5.1530159e-05,9
12100.0,12105.0,12102.5,1.2596261e-05,6.2981306e-05,11
12105.0,12110.0,12107.5,1.2596261e-05,6.2981306e-05,11
12110.0,12115.0,12112.5,1.717672e-05,8.5883599e-05,15
12115.0,12120.0,12117.5,1.4886491e-05,7.4432453e-05,13
12120.0,12125.0,12122.5,1.3741376e-05,6.8706879e-05,12
12125.0,12130.0,12127.5,1.1451147e-05,5.7255733e-05,10
12130.0,12135.0,12132.5,9.1609172e-06,4.5804586e-05,8
12135.0,12140.0,12137.5,1.8321834e-05,9.1609172e-05,16
12140.0,12145.0,12142.5,8.0158026e-06,4.0079013e-05,7
12145.0,12150.0,12147.5,1.717672e-05,8.5883599e-05,15
12150.0,12155.0,12152.5,1.3741376e-05,6.8706879e-05,12
12155.0,12160.0,12157.5,1.1451147e-05,5.7255733e-05,10
12160.0,12165.0,12162.5,1.1451147e-05,5.7255733e-05,10
12165.0,12170.0,12167.5,1.2596261e-05,6.2981306e-05,11
12170.0,12175.0,12172.5,1.0306032e-05,5.1530159e-05,9
12175.0,12180.0,12177.5,5.7255733e-06,2.8627866e-05,5
12180.0,12185.0,12182.5,5.7255733e-06,2.8627866e-05,5
12185.0,12190.0,12187.5,1.4886491e-05,7.4432453e-05,13
12190.0,12195.0,12192.5,1.3741376e-05,6.8706879e-05,12
12195.0,12200.0,12197.5,9.1609172e-06,4.5804586e-05,8
12200.0,12205.0,12202.5,1.1451147e-05,5.7255733e-05,10
12205.0,12210.0,12207.5,1.2596261e-05,6.2981306e-05,11
12210.0,12215.0,12212.5,1.1451147e-05,5.7255733e-05,10
12215.0,12220.0,12217.5,8.0158026e-06,4.0079013e-05,7
12220.0,12225.0,12222.5,1.2596261e-05,6.2981306e-05,11
12225.0,12230.0,12227.5,6.8706879e-06,3.435344e-05,6
12230.0,12235.0,12232.5,1.0306032e-05,5.1530159e-05,9
12235.0,12240.0,12237.5,1.0306032e-05,5.1530159e-05,9
12240.0,12245.0,12242.5,1.9466949e-05,9.7334746e-05,17
12245.0,12250.0,12247.5,1.4886491e-05,7.4432453e-05,13
12250.0,12255.0,12252.5,1.8321834e-05,9.1609172e-05,16
12255.0,12260.0,12257.5,1.3741376e-05,6.8706879e-05,12
12260.0,12265.0,12262.5,9.1609172e-06,4.5804586e-05,8
12265.0,12270.0,12267.5,1.0306032e-05,5.1530159e-05,9
12270.0,12275.0,12272.5,1.4886491e-05,7.4432453e-05,13
12275.0,12280.0,12277.5,1.0306032e-05,5.1530159e-05,9
12280.0,12285.0,12282.5,1.6031605e-05,8.0158026e-05,14
12285.0,12290.0,12287.5,6.8706879e-06,3.435344e-05,6
12290.0,12295.0,12292.5,1.3741376e-05,6.8706879e-05,12
12295.0,12300.0,12297.5,9.1609172e-06,4.5804586e-05,8
12300.0,12305.0,12302.5,9.1609172e-06,4.5804586e-05,8
12305.0,12310.0,12307.5,1.3741376e-05,6.8706879e-05,12
12310.0,12315.0,12312.5,1.0306032e-05,5.1530159e-05,9
12315.0,12320.0,12317.5,8.0158026e-06,4.0079013e-05,7
12320.0,12325.0,12322.5,1.2596261e-05,6.2981306e-05,11
12325.0,12330.0,12327.5,1.2596261e-05,6.2981306e-05,11
12330.0,12335.0,12332.5,1.2596261e-05,6.2981306e-05,11
12335.0,12340.0,12337.5,1.0306032e-05,5.1530159e-05,9
12340.0,12345.0,12342.5,1.1451147e-05,5.7255733e-05,10
12345.0,12350.0,12347.5,6.8706879e-06,3.435344e-05,6
12350.0,12355.0,12352.5,9.1609172e-06,4.5804586e-05,8
12355.0,12360.0,12357.5,1.1451147e-05,5.7255733e-05,10
12360.0,12365.0,12362.5,1.1451147e-05,5.7255733e-05,10
12365.0,12370.0,12367.5,1.3741376e-05,6.8706879e-05,12
12370.0,12375.0,12372.5,1.2596261e-05,6.2981306e-05,11
12375.0,12380.0,12377.5,8.0158026e-06,4.0079013e-05,7
12380.0,12385.0,12382.5,1.0306032e-05,5.1530159e-05,9
12385.0,12390.0,12387.5,8.0158026e-06,4.0079013e-05,7
12390.0,12395.0,12392.5,9.1609172e-06,4.5804586e-05,8
12395.0,12400.0,12397.5,1.2596261e-05,6.2981306e-05,11
12400.0,12405.0,12402.5,1.3741376e-05,6.8706879e-05,12
12405.0,12410.0,12407.5,1.0306032e-05,5.1530159e-05,9
12410.0,12415.0,12412.5,1.4886491e-05,7.4432453e-05,13
12415.0,12420.0,12417.5,8.0158026e-06,4.0079013e-05,7
12420.0,12425.0,12422.5,1.6031605e-05,8.0158026e-05,14
12425.0,12430.0,12427.5,1.9466949e-05,9.7334746e-05,17
12430.0,12435.0,12432.5,1.4886491e-05,7.4432453e-05,13
12435.0,12440.0,12437.5,9.1609172e-06,4.5804586e-05,8
12440.0,12445.0,12442.5,1.0306032e-05,5.1530159e-05,9
12445.0,12450.0,12447.5,5.7255733e-06,2.8627866e-05,5
12450.0,12455.0,12452.5,8.0158026e-06,4.0079013e-05,7
12455.0,12460.0,12457.5,9.1609172e-06,4.5804586e-05,8
12460.0,12465.0,12462.5,1.0306032e-05,5.1530159e-05,9
12465.0,12470.0,12467.5,4.5804586e-06,2.2902293e-05,4
12470.0,12475.0,12472.5,1.1451147e-05,5.7255733e-05,10
12475.0,12480.0,12477.5,1.3741376e-05,6.8706879e-05,12
12480.0,12485.0,12482.5,1.1451147e-05,5.7255733e-05,10
12485.0,12490.0,12487.5,1.2596261e-05,6.2981306e-05,11
12490.0,12495.0,12492.5,8.0158026e-06,4.0079013e-05,7
12495.0,12500.0,12497.5,1.4886491e-05,7.4432453e-05,13
12500.0,12505.0,12502.5,1.6031605e-05,8.0158026e-05,14
12505.0,12510.0,12507.5,9.1609172e-06,4.5804586e-05,8
12510.0,12515.0,12512.5,9.1609172e-06,4.5804586e-05,8
12515.0,12520.0,12517.5,8.0158026e-06,4.0079013e-05,7
12520.0,12525.0,12522.5,1.0306032e-05,5.1530159e-05,9
12525.0,12530.0,12527.5,9.1609172e-06,4.5804586e-05,8
12530.0,12535.0,12532.5,9.1609172e-06,4.5804586e-05,8
12535.0,12540.0,12537.5,1.1451147e-05,5.7255733e-05,10
12540.0,12545.0,12542.5,1.717672e-05,8.5883599e-05,15
12545.0,12550.0,12547.5,1.2596261e-05,6.2981306e-05,11
12550.0,12555.0,12552.5,1.1451147e-05,5.7255733e-05,10
12555.0,12560.0,12557.5,8.0158026e-06,4.0079013e-05,7
12560.0,12565.0,12562.5,1.2596261e-05,6.2981306e-05,11
12565.0,12570.0,12567.5,1.0306032e-05,5.1530159e-05,9
12570.0,12575.0,12572.5,1.1451147e-05,5.7255733e-05,10
12575.0,12580.0,12577.5,1.1451147e-05,5.7255733e-05,10
12580.0,12585.0,12582.5,1.2596261e-05,6.2981306e-05,11
12585.0,12590.0,12587.5,1.717672e-05,8.5883599e-05,15
12590.0,12595.0,12592.5,9.1609172e-06,4.5804586e-05,8
12595.0,12600.0,12597.5,1.2596261e-05,6.2981306e-05,11
12600.0,12605.0,12602.5,1.3741376e-05,6.8706879e-05,12
12605.0,12610.0,12607.5,1.2596261e-05,6.2981306e-05,11
12610.0,12615.0,12612.5,1.0306032e-05,5.1530159e-05,9
12615.0,12620.0,12617.5,1.1451147e-05,5.7255733e-05,10
12620.0,12625.0,12622.5,1.2596261e-05,6.2981306e-05,11
12625.0,12630.0,12627.5,1.2596261e-05,6.2981306e-05,11
12630.0,12635.0,12632.5,1.0306032e-05,5.1530159e-05,9
12635.0,12640.0,12637.5,5.7255733e-06,2.8627866e-05,5
12640.0,12645.0,12642.5,1.1451147e-05,5.7255733e-05,10
12645.0,12650.0,12647.5,8.0158026e-06,4.0079013e-05,7
12650.0,12655.0,12652.5,6.8706879e-06,3.435344e-05,6
12655.0,12660.0,12657.5,3.435344e-06,1.717672e-05,3
12660.0,12665.0,12662.5,1.1451147e-05,5.7255733e-05,10
12665.0,12670.0,12667.5,1.3741376e-05,6.8706879e-05,12
12670.0,12675.0,12672.5,1.6031605e-05,8.0158026e-05,14
12675.0,12680.0,12677.5,6.8706879e-06,3.435344e-05,6
12680.0,12685.0,12682.5,1.6031605e-05,8.0158026e-05,14
12685.0,12690.0,12687.5,1.9466949e-05,9.7334746e-05,17
12690.0,12695.0,12692.5,2.0612064e-05,0.00010306032,18
12695.0,12700.0,12697.5,1.2596261e-05,6.2981306e-05,11
12700.0,12705.0,12702.5,9.1609172e-06,4.5804586e-05,8
12705.0,12710.0,12707.5,1.1451147e-05,5.7255733e-05,10
12710.0,12715.0,12712.5,6.8706879e-06,3.435344e-05,6
12715.0,12720.0,12717.5,1.0306032e-05,5.1530159e-05,9
12720.0,12725.0,12722.5,9.1609172e-06,4.5804586e-05,8
12725.0,12730.0,12727.5,9.1609172e-06,4.5804586e-05,8
12730.0,12735.0,12732.5,1.2596261e-05,6.2981306e-05,11
12735.0,12740.0,12737.5,1.1451147e-05,5.7255733e-05,10
12740.0,12745.0,12742.5,5.7255733e-06,2.8627866e-05,5
12745.0,12750.0,12747.5,9.1609172e-06,4.5804586e-05,8
12750.0,12755.0,12752.5,8.0158026e-06,4.0079013e-05,7
12755.0,12760.0,12757.5,1.4886491e-05,7.4432453e-05,13
12760.0,12765.0,12762.5,6.8706879e-06,3.435344e-05,6
12765.0,12770.0,12767.5,9.1609172e-06,4.5804586e-05,8
12770.0,12775.0,12772.5,1.8321834e-05,9.1609172e-05,16
12775.0,12780.0,12777.5,5.7255733e-06,2.8627866e-05,5
12780.0,12785.0,12782.5,8.0158026e-06,4.0079013e-05,7
12785.0,12790.0,12787.5,6.8706879e-06,3.435344e-05,6
12790.0,12795.0,12792.5,9.1609172e-06,4.5804586e-05,8
12795.0,12800.0,12797.5,6.8706879e-06,3.435344e-05,6
12800.0,12805.0,12802.5,9.1609172e-06,4.5804586e-05,8
12805.0,12810.0,12807.5,1.3741376e-05,6.8706879e-05,12
12810.0,12815.0,12812.5,1.1451147e-05,5.7255733e-05,10
12815.0,12820.0,12817.5,1.3741376e-05,6.8706879e-05,12
12820.0,12825.0,12822.5,1.8321834e-05,9.1609172e-05,16
12825.0,12830.0,12827.5,8.0158026e-06,4.0079013e-05,7
12830.0,12835.0,12832.5,9.1609172e-06,4.5804586e-05,8
12835.0,12840.0,12837.5,1.4886491e-05,7.4432453e-05,13
12840.0,12845.0,12842.5,9.1609172e-06,4.5804586e-05,8
12845.0,12850.0,12847.5,6.8706879e-06,3.435344e-05,6
12850.0,12855.0,12852.5,1.3741376e-05,6.8706879e-05,12
12855.0,12860.0,12857.5,8.0158026e-06,4.0079013e-05,7
12860.0,12865.0,12862.5,1.2596261e-05,6.2981306e-05,11
12865.0,12870.0,12867.5,1.4886491e-05,7.4432453e-05,13
12870.0,12875.0,12872.5,6.8706879e-06,3.435344e-05,6
12875.0,12880.0,12877.5,6.8706879e-06,3.435344e-05,6
12880.0,12885.0,12882.5,9.1609172e-06,4.5804586e-05,8
12885.0,12890.0,12887.5,6.8706879e-06,3.435344e-05,6
12890.0,12895.0,12892.5,1.0306032e-05,5.1530159e-05,9
12895.0,12900.0,12897.5,1.1451147e-05,5.7255733e-05,10
12900.0,12905.0,12902.5,1.8321834e-05,9.1609172e-05,16
12905.0,12910.0,12907.5,9.1609172e-06,4.5804586e-05,8
12910.0,12915.0,12912.5,1.3741376e-05,6.8706879e-05,12
12915.0,12920.0,12917.5,1.2596261e-05,6.2981306e-05,11
12920.0,12925.0,12922.5,1.0306032e-05,5.1530159e-05,9
12925.0,12930.0,12927.5,6.8706879e-06,3.435344e-05,6
12930.0,12935.0,12932.5,1.0306032e-05,5.1530159e-05,9
12935.0,12940.0,12937.5,3.435344e-06,1.717672e-05,3
12940.0,12945.0,12942.5,1.2596261e-05,6.2981306e-05,11
12945.0,12950.0,12947.5,1.3741376e-05,6.8706879e-05,12
12950.0,12955.0,12952.5,1.2596261e-05,6.2981306e-05,11
12955.0,12960.0,12957.5,5.7255733e-06,2.8627866e-05,5
12960.0,12965.0,12962.5,4.5804586e-06,2.2902293e-05,4
12965.0,12970.0,12967.5,6.8706879e-06,3.435344e-05,6
12970.0,12975.0,12972.5,1.2596261e-05,6.2981306e-05,11
12975.0,12980.0,12977.5,6.8706879e-06,3.435344e-05,6
12980.0,12985.0,12982.5,6.8706879e-06,3.435344e-05,6
12985.0,12990.0,12987.5,5.7255733e-06,2.8627866e-05,5
12990.0,12995.0,12992.5,6.8706879e-06,3.435344e-05,6
12995.0,13000.0,12997.5,1.0306032e-05,5.1530159e-05,9
13000.0,13005.0,13002.5,1.1451147e-05,5.7255733e-05,10
13005.0,13010.0,13007.5,8.0158026e-06,4.0079013e-05,7
13010.0,13015.0,13012.5,9.1609172e-06,4.5804586e-05,8
13015.0,13020.0,13017.5,1.0306032e-05,5.1530159e-05,9
13020.0,13025.0,13022.5,4.5804586e-06,2.2902293e-05,4
13025.0,13030.0,13027.5,5.7255733e-06,2.8627866e-05,5
13030.0,13035.0,13032.5,1.0306032e-05,5.1530159e-05,9
13035.0,13040.0,13037.5,9.1609172e-06,4.5804586e-05,8
13040.0,13045.0,13042.5,1.2596261e-05,6.2981306e-05,11
13045.0,13050.0,13047.5,8.0158026e-06,4.0079013e-05,7
13050.0,13055.0,13052.5,3.435344e-06,1.717672e-05,3
13055.0,13060.0,13057.5,6.8706879e-06,3.435344e-05,6
13060.0,13065.0,13062.5,1.3741376e-05,6.8706879e-05,12
13065.0,13070.0,13067.5,5.7255733e-06,2.8627866e-05,5
13070.0,13075.0,13072.5,1.2596261e-05,6.2981306e-05,11
13075.0,13080.0,13077.5,1.0306032e-05,5.1530159e-05,9
13080.0,13085.0,13082.5,8.0158026e-06,4.0079013e-05,7
13085.0,13090.0,13087.5,1.0306032e-05,5.1530159e-05,9
13090.0,13095.0,13092.5,8.0158026e-06,4.0079013e-05,7
13095.0,13100.0,13097.5,1.0306032e-05,5.1530159e-05,9
13100.0,13105.0,13102.5,9.1609172e-06,4.5804586e-05,8
13105.0,13110.0,13107.5,6.8706879e-06,3.435344e-05,6
13110.0,13115.0,13112.5,6.8706879e-06,3.435344e-05,6
13115.0,13120.0,13117.5,1.4886491e-05,7.4432453e-05,13
13120.0,13125.0,13122.5,6.8706879e-06,3.435344e-05,6
13125.0,13130.0,13127.5,8.0158026e-06,4.0079013e-05,7
13130.0,13135.0,13132.5,1.1451147e-05,5.7255733e-05,10
13135.0,13140.0,13137.5,1.2596261e-05,6.2981306e-05,11
13140.0,13145.0,13142.5,1.3741376e-05,6.8706879e-05,12
13145.0,13150.0,13147.5,6.8706879e-06,3.435344e-05,6
13150.0,13155.0,13152.5,9.1609172e-06,4.5804586e-05,8
13155.0,13160.0,13157.5,1.3741376e-05,6.8706879e-05,12
13160.0,13165.0,13162.5,1.3741376e-05,6.8706879e-05,12
13165.0,13170.0,13167.5,1.4886491e-05,7.4432453e-05,13
13170.0,13175.0,13172.5,8.0158026e-06,4.0079013e-05,7
13175.0,13180.0,13177.5,1.2596261e-05,6.2981306e-05,11
13180.0,13185.0,13182.5,1.0306032e-05,5.1530159e-05,9
13185.0,13190.0,13187.5,9.1609172e-06,4.5804586e-05,8
13190.0,13195.0,13192.5,1.2596261e-05,6.2981306e-05,11
13195.0,13200.0,13197.5,1.0306032e-05,5.1530159e-05,9
13200.0,13205.0,13202.5,1.4886491e-05,7.4432453e-05,13
13205.0,13210.0,13207.5,4.5804586e-06,2.2902293e-05,4
13210.0,13215.0,13212.5,6.8706879e-06,3.435344e-05,6
13215.0,13220.0,13217.5,8.0158026e-06,4.0079013e-05,7
13220.0,13225.0,13222.5,9.1609172e-06,4.5804586e-05,8
13225.0,13230.0,13227.5,4.5804586e-06,2.2902293e-05,4
13230.0,13235.0,13232.5,5.7255733e-06,2.8627866e-05,5
13235.0,13240.0,13237.5,6.8706879e-06,3.435344e-05,6
13240.0,13245.0,13242.5,9.1609172e-06,4.5804586e-05,8
13245.0,13250.0,13247.5,5.7255733e-06,2.8627866e-05,5
13250.0,13255.0,13252.5,6.8706879e-06,3.435344e-05,6
13255.0,13260.0,13257.5,5.7255733e-06,2.8627866e-05,5
13260.0,13265.0,13262.5,6.8706879e-06,3.435344e-05,6
13265.0,13270.0,13267.5,6.8706879e-06,3.435344e-05,6
13270.0,13275.0,13272.5,1.0306032e-05,5.1530159e-05,9
13275.0,13280.0,13277.5,5.7255733e-06,2.8627866e-05,5
13280.0,13285.0,13282.5,6.8706879e-06,3.435344e-05,6
13285.0,13290.0,13287.5,5.7255733e-06,2.8627866e-05,5
13290.0,13295.0,13292.5,6.8706879e-06,3.435344e-05,6
13295.0,13300.0,13297.5,1.1451147e-05,5.7255733e-05,10
13300.0,13305.0,13302.5,6.8706879e-06,3.435344e-05,6
13305.0,13310.0,13307.5,3.435344e-06,1.717672e-05,3
13310.0,13315.0,13312.5,5.7255733e-06,2.8627866e-05,5
13315.0,13320.0,13317.5,3.435344e-06,1.717672e-05,3
13320.0,13325.0,13322.5,9.1609172e-06,4.5804586e-05,8
13325.0,13330.0,13327.5,4.5804586e-06,2.2902293e-05,4
13330.0,13335.0,13332.5,9.1609172e-06,4.5804586e-05,8
13335.0,13340.0,13337.5,1.0306032e-05,5.1530159e-05,9
13340.0,13345.0,13342.5,1.3741376e-05,6.8706879e-05,12
13345.0,13350.0,13347.5,1.0306032e-05,5.1530159e-05,9
13350.0,13355.0,13352.5,8.0158026e-06,4.0079013e-05,7
13355.0,13360.0,13357.5,1.2596261e-05,6.2981306e-05,11
13360.0,13365.0,13362.5,5.7255733e-06,2.8627866e-05,5
13365.0,13370.0,13367.5,5.7255733e-06,2.8627866e-05,5
13370.0,13375.0,13372.5,1.0306032e-05,5.1530159e-05,9
13375.0,13380.0,13377.5,8.0158026e-06,4.0079013e-05,7
13380.0,13385.0,13382.5,8.0158026e-06,4.0079013e-05,7
13385.0,13390.0,13387.5,1.0306032e-05,5.1530159e-05,9
13390.0,13395.0,13392.5,1.0306032e-05,5.1530159e-05,9
13395.0,13400.0,13397.5,9.1609172e-06,4.5804586e-05,8
13400.0,13405.0,13402.5,9.1609172e-06,4.5804586e-05,8
13405.0,13410.0,13407.5,1.0306032e-05,5.1530159e-05,9
13410.0,13415.0,13412.5,9.1609172e-06,4.5804586e-05,8
13415.0,13420.0,13417.5,1.0306032e-05,5.1530159e-05,9
13420.0,13425.0,13422.5,9.1609172e-06,4.5804586e-05,8
13425.0,13430.0,13427.5,6.8706879e-06,3.435344e-05,6
13430.0,13435.0,13432.5,6.8706879e-06,3.435344e-05,6
13435.0,13440.0,13437.5,6.8706879e-06,3.435344e-05,6
13440.0,13445.0,13442.5,8.0158026e-06,4.0079013e-05,7
13445.0,13450.0,13447.5,9.1609172e-06,4.5804586e-05,8
13450.0,13455.0,13452.5,5.7255733e-06,2.8627866e-05,5
13455.0,13460.0,13457.5,6.8706879e-06,3.435344e-05,6
13460.0,13465.0,13462.5,6.8706879e-06,3.435344e-05,6
13465.0,13470.0,13467.5,6.8706879e-06,3.435344e-05,6
13470.0,13475.0,13472.5,8.0158026e-06,4.0079013e-05,7
13475.0,13480.0,13477.5,9.1609172e-06,4.5804586e-05,8
13480.0,13485.0,13482.5,3.435344e-06,1.717672e-05,3
13485.0,13490.0,13487.5,4.5804586e-06,2.2902293e-05,4
13490.0,13495.0,13492.5,4.5804586e-06,2.2902293e-05,4
13495.0,13500.0,13497.5,1.0306032e-05,5.1530159e-05,9
13500.0,13505.0,13502.5,4.5804586e-06,2.2902293e-05,4
13505.0,13510.0,13507.5,8.0158026e-06,4.0079013e-05,7
13510.0,13515.0,13512.5,1.3741376e-05,6.8706879e-05,12
13515.0,13520.0,13517.5,9.1609172e-06,4.5804586e-05,8
13520.0,13525.0,13522.5,9.1609172e-06,4.5804586e-05,8
13525.0,13530.0,13527.5,3.435344e-06,1.717672e-05,3
13530.0,13535.0,13532.5,1.4886491e-05,7.4432453e-05,13
13535.0,13540.0,13537.5,4.5804586e-06,2.2902293e-05,4
13540.0,13545.0,13542.5,8.0158026e-06,4.0079013e-05,7
13545.0,13550.0,13547.5,1.2596261e-05,6.2981306e-05,11
13550.0,13555.0,13552.5,9.1609172e-06,4.5804586e-05,8
13555.0,13560.0,13557.5,5.7255733e-06,2.8627866e-05,5
13560.0,13565.0,13562.5,9.1609172e-06,4.5804586e-05,8
13565.0,13570.0,13567.5,1.1451147e-05,5.7255733e-05,10
13570.0,13575.0,13572.5,1.0306032e-05,5.1530159e-05,9
13575.0,13580.0,13577.5,4.5804586e-06,2.2902293e-05,4
13580.0,13585.0,13582.5,9.1609172e-06,4.5804586e-05,8
13585.0,13590.0,13587.5,1.0306032e-05,5.1530159e-05,9
13590.0,13595.0,13592.5,9.1609172e-06,4.5804586e-05,8
13595.0,13600.0,13597.5,1.2596261e-05,6.2981306e-05,11
13600.0,13605.0,13602.5,1.0306032e-05,5.1530159e-05,9
13605.0,13610.0,13607.5,3.435344e-06,1.717672e-05,3
13610.0,13615.0,13612.5,4.5804586e-06,2.2902293e-05,4
13615.0,13620.0,13617.5,9.1609172e-06,4.5804586e-05,8
13620.0,13625.0,13622.5,5.7255733e-06,2.8627866e-05,5
13625.0,13630.0,13627.5,9.1609172e-06,4.5804586e-05,8
13630.0,13635.0,13632.5,1.2596261e-05,6.2981306e-05,11
13635.0,13640.0,13637.5,8.0158026e-06,4.0079013e-05,7
13640.0,13645.0,13642.5,1.1451147e-05,5.7255733e-05,10
13645.0,13650.0,13647.5,5.7255733e-06,2.8627866e-05,5
13650.0,13655.0,13652.5,5.7255733e-06,2.8627866e-05,5
13655.0,13660.0,13657.5,8.0158026e-06,4.0079013e-05,7
13660.0,13665.0,13662.5,2.2902293e-06,1.1451147e-05,2
13665.0,13670.0,13667.5,1.2596261e-05,6.2981306e-05,11
13670.0,13675.0,13672.5,3.435344e-06,1.717672e-05,3
13675.0,13680.0,13677.5,5.7255733e-06,2.8627866e-05,5
13680.0,13685.0,13682.5,1.1451147e-05,5.7255733e-05,10
13685.0,13690.0,13687.5,6.8706879e-06,3.435344e-05,6
13690.0,13695.0,13692.5,1.1451147e-05,5.7255733e-05,10
13695.0,13700.0,13697.5,9.1609172e-06,4.5804586e-05,8
13700.0,13705.0,13702.5,6.8706879e-06,3.435344e-05,6
13705.0,13710.0,13707.5,1.1451147e-05,5.7255733e-05,10
13710.0,13715.0,13712.5,6.8706879e-06,3.435344e-05,6
13715.0,13720.0,13717.5,4.5804586e-06,2.2902293e-05,4
13720.0,13725.0,13722.5,1.0306032e-05,5.1530159e-05,9
13725.0,13730.0,13727.5,4.5804586e-06,2.2902293e-05,4
13730.0,13735.0,13732.5,6.8706879e-06,3.435344e-05,6
13735.0,13740.0,13737.5,9.1609172e-06,4.5804586e-05,8
13740.0,13745.0,13742.5,1.2596261e-05,6.2981306e-05,11
13745.0,13750.0,13747.5,1.2596261e-05,6.2981306e-05,11
13750.0,13755.0,13752.5,1.0306032e-05,5.1530159e-05,9
13755.0,13760.0,13757.5,5.7255733e-06,2.8627866e-05,5
13760.0,13765.0,13762.5,9.1609172e-06,4.5804586e-05,8
13765.0,13770.0,13767.5,6.8706879e-06,3.435344e-05,6
13770.0,13775.0,13772.5,3.435344e-06,1.717672e-05,3
13775.0,13780.0,13777.5,1.0306032e-05,5.1530159e-05,9
13780.0,13785.0,13782.5,9.1609172e-06,4.5804586e-05,8
13785.0,13790.0,13787.5,1.0306032e-05,5.1530159e-05,9
13790.0,13795.0,13792.5,6.8706879e-06,3.435344e-05,6
13795.0,13800.0,13797.5,8.0158026e-06,4.0079013e-05,7
13800.0,13805.0,13802.5,1.2596261e-05,6.2981306e-05,11
13805.0,13810.0,13807.5,9.1609172e-06,4.5804586e-05,8
13810.0,13815.0,13812.5,1.4886491e-05,7.4432453e-05,13
13815.0,13820.0,13817.5,9.1609172e-06,4.5804586e-05,8
13820.0,13825.0,13822.5,6.8706879e-06,3.435344e-05,6
13825.0,13830.0,13827.5,9.1609172e-06,4.5804586e-05,8
13830.0,13835.0,13832.5,8.0158026e-06,4.0079013e-05,7
13835.0,13840.0,13837.5,6.8706879e-06,3.435344e-05,6
13840.0,13845.0,13842.5,6.8706879e-06,3.435344e-05,6
13845.0,13850.0,13847.5,3.435344e-06,1.717672e-05,3
13855.0,13860.0,13857.5,6.8706879e-06,3.435344e-05,6
13860.0,13865.0,13862.5,4.5804586e-06,2.2902293e-05,4
13865.0,13870.0,13867.5,2.2902293e-06,1.1451147e-05,2
13870.0,13875.0,13872.5,8.0158026e-06,4.0079013e-05,7
13875.0,13880.0,13877.5,9.1609172e-06,4.5804586e-05,8
13880.0,13885.0,13882.5,8.0158026e-06,4.0079013e-05,7
13885.0,13890.0,13887.5,6.8706879e-06,3.435344e-05,6
13890.0,13895.0,13892.5,6.8706879e-06,3.435344e-05,6
13895.0,13900.0,13897.5,1.3741376e-05,6.8706879e-05,12
13900.0,13905.0,13902.5,6.8706879e-06,3.435344e-05,6
13905.0,13910.0,13907.5,6.8706879e-06,3.435344e-05,6
13910.0,13915.0,13912.5,2.2902293e-06,1.1451147e-05,2
13915.0,13920.0,13917.5,5.7255733e-06,2.8627866e-05,5
13920.0,13925.0,13922.5,5.7255733e-06,2.8627866e-05,5
13925.0,13930.0,13927.5,1.0306032e-05,5.1530159e-05,9
13930.0,13935.0,13932.5,3.435344e-06,1.717672e-05,3
13935.0,13940.0,13937.5,8.0158026e-06,4.0079013e-05,7
13940.0,13945.0,13942.5,1.2596261e-05,6.2981306e-05,11
13945.0,13950.0,13947.5,5.7255733e-06,2.8627866e-05,5
13950.0,13955.0,13952.5,9.1609172e-06,4.5804586e-05,8
13955.0,13960.0,13957.5,6.8706879e-06,3.435344e-05,6
13960.0,13965.0,13962.5,3.435344e-06,1.717672e-05,3
13965.0,13970.0,13967.5,1.1451147e-05,5.7255733e-05,10
13970.0,13975.0,13972.5,9.1609172e-06,4.5804586e-05,8
13975.0,13980.0,13977.5,3.435344e-06,1.717672e-05,3
13980.0,13985.0,13982.5,8.0158026e-06,4.0079013e-05,7
13985.0,13990.0,13987.5,6.8706879e-06,3.435344e-05,6
13990.0,13995.0,13992.5,3.435344e-06,1.717672e-05,3
13995.0,14000.0,13997.5,3.435344e-06,1.717672e-05,3
14000.0,14005.0,14002.5,6.8706879e-06,3.435344e-05,6
14005.0,14010.0,14007.5,9.1609172e-06,4.5804586e-05,8
14010.0,14015.0,14012.5,1.2596261e-05,6.2981306e-05,11
14015.0,14020.0,14017.5,8.0158026e-06,4.0079013e-05,7
14020.0,14025.0,14022.5,1.0306032e-05,5.1530159e-05,9
14025.0,14030.0,14027.5,2.2902293e-06,1.1451147e-05,2
14030.0,14035.0,14032.5,5.7255733e-06,2.8627866e-05,5
14035.0,14040.0,14037.5,1.0306032e-05,5.1530159e-05,9
14040.0,14045.0,14042.5,5.7255733e-06,2.8627866e-05,5
14045.0,14050.0,14047.5,6.8706879e-06,3.435344e-05,6
14050.0,14055.0,14052.5,5.7255733e-06,2.8627866e-05,5
14055.0,14060.0,14057.5,1.1451147e-06,5.7255733e-06,1
14060.0,14065.0,14062.5,1.1451147e-05,5.7255733e-05,10
14065.0,14070.0,14067.5,5.7255733e-06,2.8627866e-05,5
14070.0,14075.0,14072.5,4.5804586e-06,2.2902293e-05,4
14075.0,14080.0,14077.5,5.7255733e-06,2.8627866e-05,5
14080.0,14085.0,14082.5,8.0158026e-06,4.0079013e-05,7
14085.0,14090.0,14087.5,8.0158026e-06,4.0079013e-05,7
14090.0,14095.0,14092.5,6.8706879e-06,3.435344e-05,6
14095.0,14100.0,14097.5,6.8706879e-06,3.435344e-05,6
14100.0,14105.0,14102.5,5.7255733e-06,2.8627866e-05,5
14105.0,14110.0,14107.5,6.8706879e-06,3.435344e-05,6
14110.0,14115.0,14112.5,6.8706879e-06,3.435344e-05,6
14115.0,14120.0,14117.5,4.5804586e-06,2.2902293e-05,4
14120.0,14125.0,14122.5,3.435344e-06,1.717672e-05,3
14125.0,14130.0,14127.5,6.8706879e-06,3.435344e-05,6
14130.0,14135.0,14132.5,4.5804586e-06,2.2902293e-05,4
14135.0,14140.0,14137.5,4.5804586e-06,2.2902293e-05,4
14140.0,14145.0,14142.5,8.0158026e-06,4.0079013e-05,7
14145.0,14150.0,14147.5,1.2596261e-05,6.2981306e-05,11
14150.0,14155.0,14152.5,3.435344e-06,1.717672e-05,3
14155.0,14160.0,14157.5,4.5804586e-06,2.2902293e-05,4
14160.0,14165.0,14162.5,3.435344e-06,1.717672e-05,3
14165.0,14170.0,14167.5,8.0158026e-06,4.0079013e-05,7
14170.0,14175.0,14172.5,9.1609172e-06,4.5804586e-05,8
14175.0,14180.0,14177.5,4.5804586e-06,2.2902293e-05,4
14180.0,14185.0,14182.5,8.0158026e-06,4.0079013e-05,7
14185.0,14190.0,14187.5,2.2902293e-06,1.1451147e-05,2
14190.0,14195.0,14192.5,3.435344e-06,1.717672e-05,3
14195.0,14200.0,14197.5,6.8706879e-06,3.435344e-05,6
14200.0,14205.0,14202.5,5.7255733e-06,2.8627866e-05,5
14205.0,14210.0,14207.5,9.1609172e-06,4.5804586e-05,8
14210.0,14215.0,14212.5,8.0158026e-06,4.0079013e-05,7
14215.0,14220.0,14217.5,6.8706879e-06,3.435344e-05,6
14220.0,14225.0,14222.5,5.7255733e-06,2.8627866e-05,5
14225.0,14230.0,14227.5,6.8706879e-06,3.435344e-05,6
14230.0,14235.0,14232.5,9.1609172e-06,4.5804586e-05,8
14235.0,14240.0,14237.5,9.1609172e-06,4.5804586e-05,8
14240.0,14245.0,14242.5,9.1609172e-06,4.5804586e-05,8
14245.0,14250.0,14247.5,3.435344e-06,1.717672e-05,3
14250.0,14255.0,14252.5,2.2902293e-06,1.1451147e-05,2
14255.0,14260.0,14257.5,2.2902293e-06,1.1451147e-05,2
14265.0,14270.0,14267.5,5.7255733e-06,2.8627866e-05,5
14270.0,14275.0,14272.5,1.0306032e-05,5.1530159e-05,9
14275.0,14280.0,14277.5,1.0306032e-05,5.1530159e-05,9
14280.0,14285.0,14282.5,8.0158026e-06,4.0079013e-05,7
14285.0,14290.0,14287.5,2.2902293e-06,1.1451147e-05,2
14290.0,14295.0,14292.5,6.8706879e-06,3.435344e-05,6
14295.0,14300.0,14297.5,9.1609172e-06,4.5804586e-05,8
14300.0,14305.0,14302.5,4.5804586e-06,2.2902293e-05,4
14305.0,14310.0,14307.5,1.0306032e-05,5.1530159e-05,9
14310.0,14315.0,14312.5,4.5804586e-06,2.2902293e-05,4
14315.0,14320.0,14317.5,6.8706879e-06,3.435344e-05,6
14320.0,14325.0,14322.5,5.7255733e-06,2.8627866e-05,5
14325.0,14330.0,14327.5,5.7255733e-06,2.8627866e-05,5
14330.0,14335.0,14332.5,1.1451147e-06,5.7255733e-06,1
14335.0,14340.0,14337.5,1.1451147e-06,5.7255733e-06,1
14340.0,14345.0,14342.5,9.1609172e-06,4.5804586e-05,8
14345.0,14350.0,14347.5,4.5804586e-06,2.2902293e-05,4
14350.0,14355.0,14352.5,4.5804586e-06,2.2902293e-05,4
14355.0,14360.0,14357.5,5.7255733e-06,2.8627866e-05,5
14360.0,14365.0,14362.5,4.5804586e-06,2.2902293e-05,4
14365.0,14370.0,14367.5,2.2902293e-06,1.1451147e-05,2
14370.0,14375.0,14372.5,6.8706879e-06,3.435344e-05,6
14375.0,14380.0,14377.5,5.7255733e-06,2.8627866e-05,5
14380.0,14385.0,14382.5,5.7255733e-06,2.8627866e-05,5
14385.0,14390.0,14387.5,9.1609172e-06,4.5804586e-05,8
14390.0,14395.0,14392.5,6.8706879e-06,3.435344e-05,6
14395.0,14400.0,14397.5,5.7255733e-06,2.8627866e-05,5
14400.0,14405.0,14402.5,8.0158026e-06,4.0079013e-05,7
14405.0,14410.0,14407.5,8.0158026e-06,4.0079013e-05,7
14410.0,14415.0,14412.5,5.7255733e-06,2.8627866e-05,5
14415.0,14420.0,14417.5,4.5804586e-06,2.2902293e-05,4
14420.0,14425.0,14422.5,2.2902293e-06,1.1451147e-05,2
14425.0,14430.0,14427.5,1.0306032e-05,5.1530159e-05,9
14430.0,14435.0,14432.5,2.2902293e-06,1.1451147e-05,2
14435.0,14440.0,14437.5,9.1609172e-06,4.5804586e-05,8
14440.0,14445.0,14442.5,4.5804586e-06,2.2902293e-05,4
14445.0,14450.0,14447.5,5.7255733e-06,2.8627866e-05,5
14450.0,14455.0,14452.5,6.8706879e-06,3.435344e-05,6
14455.0,14460.0,14457.5,6.8706879e-06,3.435344e-05,6
14460.0,14465.0,14462.5,6.8706879e-06,3.435344e-05,6
14465.0,14470.0,14467.5,5.7255733e-06,2.8627866e-05,5
14470.0,14475.0,14472.5,3.435344e-06,1.717672e-05,3
14475.0,14480.0,14477.5,1.0306032e-05,5.1530159e-05,9
14480.0,14485.0,14482.5,5.7255733e-06,2.8627866e-05,5
14485.0,14490.0,14487.5,3.435344e-06,1.717672e-05,3
14490.0,14495.0,14492.5,8.0158026e-06,4.0079013e-05,7
14495.0,14500.0,14497.5,8.0158026e-06,4.0079013e-05,7
14500.0,14505.0,14502.5,1.0306032e-05,5.1530159e-05,9
14505.0,14510.0,14507.5,4.5804586e-06,2.2902293e-05,4
14510.0,14515.0,14512.5,9.1609172e-06,4.5804586e-05,8
14515.0,14520.0,14517.5,5.7255733e-06,2.8627866e-05,5
14520.0,14525.0,14522.5,9.1609172e-06,4.5804586e-05,8
14525.0,14530.0,14527.5,4.5804586e-06,2.2902293e-05,4
14530.0,14535.0,14532.5,2.2902293e-06,1.1451147e-05,2
14535.0,14540.0,14537.5,5.7255733e-06,2.8627866e-05,5
14540.0,14545.0,14542.5,9.1609172e-06,4.5804586e-05,8
14545.0,14550.0,14547.5,5.7255733e-06,2.8627866e-05,5
14550.0,14555.0,14552.5,2.2902293e-06,1.1451147e-05,2
14555.0,14560.0,14557.5,8.0158026e-06,4.0079013e-05,7
14560.0,14565.0,14562.5,4.5804586e-06,2.2902293e-05,4
14565.0,14570.0,14567.5,5.7255733e-06,2.8627866e-05,5
14570.0,14575.0,14572.5,4.5804586e-06,2.2902293e-05,4
14575.0,14580.0,14577.5,3.435344e-06,1.717672e-05,3
14580.0,14585.0,14582.5,4.5804586e-06,2.2902293e-05,4
14585.0,14590.0,14587.5,1.1451147e-06,5.7255733e-06,1
14590.0,14595.0,14592.5,4.5804586e-06,2.2902293e-05,4
14595.0,14600.0,14597.5,8.0158026e-06,4.0079013e-05,7
14600.0,14605.0,14602.5,3.435344e-06,1.717672e-05,3
14605.0,14610.0,14607.5,4.5804586e-06,2.2902293e-05,4
14610.0,14615.0,14612.5,5.7255733e-06,2.8627866e-05,5
14615.0,14620.0,14617.5,8.0158026e-06,4.0079013e-05,7
14620.0,14625.0,14622.5,8.0158026e-06,4.0079013e-05,7
14625.0,14630.0,14627.5,3.435344e-06,1.717672e-05,3
14630.0,14635.0,14632.5,3.435344e-06,1.717672e-05,3
14635.0,14640.0,14637.5,2.2902293e-06,1.1451147e-05,2
14640.0,14645.0,14642.5,8.0158026e-06,4.0079013e-05,7
14645.0,14650.0,14647.5,3.435344e-06,1.717672e-05,3
14650.0,14655.0,14652.5,8.0158026e-06,4.0079013e-05,7
14655.0,14660.0,14657.5,4.5804586e-06,2.2902293e-05,4
14660.0,14665.0,14662.5,8.0158026e-06,4.0079013e-05,7
14665.0,14670.0,14667.5,6.8706879e-06,3.435344e-05,6
14670.0,14675.0,14672.5,2.2902293e-06,1.1451147e-05,2
14675.0,14680.0,14677.5,6.8706879e-06,3.435344e-05,6
14680.0,14685.0,14682.5,9.1609172e-06,4.5804586e-05,8
14690.0,14695.0,14692.5,9.1609172e-06,4.5804586e-05,8
14695.0,14700.0,14697.5,6.8706879e-06,3.435344e-05,6
14700.0,14705.0,14702.5,3.435344e-06,1.717672e-05,3
14705.0,14710.0,14707.5,4.5804586e-06,2.2902293e-05,4
14710.0,14715.0,14712.5,8.0158026e-06,4.0079013e-05,7
14715.0,14720.0,14717.5,2.2902293e-06,1.1451147e-05,2
14720.0,14725.0,14722.5,3.435344e-06,1.717672e-05,3
14725.0,14730.0,14727.5,1.2596261e-05,6.2981306e-05,11
14730.0,14735.0,14732.5,3.435344e-06,1.717672e-05,3
14735.0,14740.0,14737.5,3.435344e-06,1.717672e-05,3
14740.0,14745.0,14742.5,6.8706879e-06,3.435344e-05,6
14745.0,14750.0,14747.5,6.8706879e-06,3.435344e-05,6
14750.0,14755.0,14752.5,8.0158026e-06,4.0079013e-05,7
14755.0,14760.0,14757.5,5.7255733e-06,2.8627866e-05,5
14760.0,14765.0,14762.5,5.7255733e-06,2.8627866e-05,5
14765.0,14770.0,14767.5,4.5804586e-06,2.2902293e-05,4
14770.0,14775.0,14772.5,2.2902293e-06,1.1451147e-05,2
14775.0,14780.0,14777.5,5.7255733e-06,2.8627866e-05,5
14780.0,14785.0,14782.5,6.8706879e-06,3.435344e-05,6
14785.0,14790.0,14787.5,4.5804586e-06,2.2902293e-05,4
14790.0,14795.0,14792.5,9.1609172e-06,4.5804586e-05,8
14795.0,14800.0,14797.5,5.7255733e-06,2.8627866e-05,5
14800.0,14805.0,14802.5,4.5804586e-06,2.2902293e-05,4
14805.0,14810.0,14807.5,4.5804586e-06,2.2902293e-05,4
14810.0,14815.0,14812.5,3.435344e-06,1.717672e-05,3
14815.0,14820.0,14817.5,6.8706879e-06,3.435344e-05,6
14820.0,14825.0,14822.5,4.5804586e-06,2.2902293e-05,4
14825.0,14830.0,14827.5,5.7255733e-06,2.8627866e-05,5
14830.0,14835.0,14832.5,4.5804586e-06,2.2902293e-05,4
14835.0,14840.0,14837.5,6.8706879e-06,3.435344e-05,6
14840.0,14845.0,14842.5,5.7255733e-06,2.8627866e-05,5
14845.0,14850.0,14847.5,6.8706879e-06,3.435344e-05,6
14850.0,14855.0,14852.5,1.1451147e-06,5.7255733e-06,1
14855.0,14860.0,14857.5,1.1451147e-05,5.7255733e-05,10
14860.0,14865.0,14862.5,3.435344e-06,1.717672e-05,3
14865.0,14870.0,14867.5,1.0306032e-05,5.1530159e-05,9
14870.0,14875.0,14872.5,8.0158026e-06,4.0079013e-05,7
14875.0,14880.0,14877.5,4.5804586e-06,2.2902293e-05,4
14880.0,14885.0,14882.5,8.0158026e-06,4.0079013e-05,7
14885.0,14890.0,14887.5,9.1609172e-06,4.5804586e-05,8
14890.0,14895.0,14892.5,5.7255733e-06,2.8627866e-05,5
14895.0,14900.0,14897.5,4.5804586e-06,2.2902293e-05,4
14900.0,14905.0,14902.5,4.5804586e-06,2.2902293e-05,4
14905.0,14910.0,14907.5,8.0158026e-06,4.0079013e-05,7
14910.0,14915.0,14912.5,5.7255733e-06,2.8627866e-05,5
14915.0,14920.0,14917.5,4.5804586e-06,2.2902293e-05,4
14920.0,14925.0,14922.5,1.1451147e-06,5.7255733e-06,1
14925.0,14930.0,14927.5,2.2902293e-06,1.1451147e-05,2
14930.0,14935.0,14932.5,5.7255733e-06,2.8627866e-05,5
14935.0,14940.0,14937.5,4.5804586e-06,2.2902293e-05,4
14940.0,14945.0,14942.5,3.435344e-06,1.717672e-05,3
14945.0,14950.0,14947.5,4.5804586e-06,2.2902293e-05,4
14950.0,14955.0,14952.5,4.5804586e-06,2.2902293e-05,4
14955.0,14960.0,14957.5,2.2902293e-06,1.1451147e-05,2
14960.0,14965.0,14962.5,3.435344e-06,1.717672e-05,3
14965.0,14970.0,14967.5,1.1451147e-06,5.7255733e-06,1
14970.0,14975.0,14972.5,5.7255733e-06,2.8627866e-05,5
14975.0,14980.0,14977.5,6.8706879e-06,3.435344e-05,6
14980.0,14985.0,14982.5,5.7255733e-06,2.8627866e-05,5
14985.0,14990.0,14987.5,1.0306032e-05,5.1530159e-05,9
14990.0,14995.0,14992.5,4.5804586e-06,2.2902293e-05,4
14995.0,15000.0,14997.5,2.2902293e-06,1.1451147e-05,2
15000.0,15005.0,15002.5,3.435344e-06,1.717672e-05,3
15005.0,15010.0,15007.5,4.5804586e-06,2.2902293e-05,4
15010.0,15015.0,15012.5,1.1451147e-06,5.7255733e-06,1
15015.0,15020.0,15017.5,5.7255733e-06,2.8627866e-05,5
15020.0,15025.0,15022.5,2.2902293e-06,1.1451147e-05,2
15025.0,15030.0,15027.5,5.7255733e-06,2.8627866e-05,5
15030.0,15035.0,15032.5,2.2902293e-06,1.1451147e-05,2
15035.0,15040.0,15037.5,5.7255733e-06,2.8627866e-05,5
15040.0,15045.0,15042.5,2.2902293e-06,1.1451147e-05,2
15045.0,15050.0,15047.5,5.7255733e-06,2.8627866e-05,5
15050.0,15055.0,15052.5,3.435344e-06,1.717672e-05,3
15055.0,15060.0,15057.5,4.5804586e-06,2.2902293e-05,4
15060.0,15065.0,15062.5,3.435344e-06,1.717672e-05,3
15065.0,15070.0,15067.5,3.435344e-06,1.717672e-05,3
15070.0,15075.0,15072.5,3.435344e-06,1.717672e-05,3
15075.0,15080.0,15077.5,3.435344e-06,1.717672e-05,3
15080.0,15085.0,15082.5,8.0158026e-06,4.0079013e-05,7
15085.0,15090.0,15087.5,8.0158026e-06,4.0079013e-05,7
15090.0,15095.0,15092.5,5.7255733e-06,2.8627866e-05,5
15095.0,15100.0,15097.5,9.1609172e-06,4.5804586e-05,8
15100.0,15105.0,15102.5,6.8706879e-06,3.435344e-05,6
15105.0,15110.0,15107.5,3.435344e-06,1.717672e-05,3
15110.0,15115.0,15112.5,3.435344e-06,1.717672e-05,3
15115.0,15120.0,15117.5,5.7255733e-06,2.8627866e-05,5
15120.0,15125.0,15122.5,5.7255733e-06,2.8627866e-05,5
15125.0,15130.0,15127.5,3.435344e-06,1.717672e-05,3
15130.0,15135.0,15132.5,2.2902293e-06,1.1451147e-05,2
15135.0,15140.0,15137.5,3.435344e-06,1.717672e-05,3
15140.0,15145.0,15142.5,4.5804586e-06,2.2902293e-05,4
15145.0,15150.0,15147.5,2.2902293e-06,1.1451147e-05,2
15150.0,15155.0,15152.5,3.435344e-06,1.717672e-05,3
15155.0,15160.0,15157.5,3.435344e-06,1.717672e-05,3
15160.0,15165.0,15162.5,2.2902293e-06,1.1451147e-05,2
15165.0,15170.0,15167.5,6.8706879e-06,3.435344e-05,6
15170.0,15175.0,15172.5,1.1451147e-06,5.7255733e-06,1
15175.0,15180.0,15177.5,1.1451147e-06,5.7255733e-06,1
15180.0,15185.0,15182.5,9.1609172e-06,4.5804586e-05,8
15185.0,15190.0,15187.5,8.0158026e-06,4.0079013e-05,7
15190.0,15195.0,15192.5,3.435344e-06,1.717672e-05,3
15195.0,15200.0,15197.5,3.435344e-06,1.717672e-05,3
15200.0,15205.0,15202.5,2.2902293e-06,1.1451147e-05,2
15205.0,15210.0,15207.5,9.1609172e-06,4.5804586e-05,8
15210.0,15215.0,15212.5,1.1451147e-06,5.7255733e-06,1
15215.0,15220.0,15217.5,4.5804586e-06,2.2902293e-05,4
15220.0,15225.0,15222.5,3.435344e-06,1.717672e-05,3
15225.0,15230.0,15227.5,6.8706879e-06,3.435344e-05,6
15230.0,15235.0,15232.5,4.5804586e-06,2.2902293e-05,4
15235.0,15240.0,15237.5,4.5804586e-06,2.2902293e-05,4
15240.0,15245.0,15242.5,5.7255733e-06,2.8627866e-05,5
15245.0,15250.0,15247.5,3.435344e-06,1.717672e-05,3
15250.0,15255.0,15252.5,1.0306032e-05,5.1530159e-05,9
15255.0,15260.0,15257.5,3.435344e-06,1.717672e-05,3
15260.0,15265.0,15262.5,1.1451147e-05,5.7255733e-05,10
15265.0,15270.0,15267.5,3.435344e-06,1.717672e-05,3
15270.0,15275.0,15272.5,5.7255733e-06,2.8627866e-05,5
15275.0,15280.0,15277.5,1.1451147e-06,5.7255733e-06,1
15280.0,15285.0,15282.5,5.7255733e-06,2.8627866e-05,5
15285.0,15290.0,15287.5,2.2902293e-06,1.1451147e-05,2
15290.0,15295.0,15292.5,4.5804586e-06,2.2902293e-05,4
15295.0,15300.0,15297.5,6.8706879e-06,3.435344e-05,6
15300.0,15305.0,15302.5,6.8706879e-06,3.435344e-05,6
15310.0,15315.0,15312.5,2.2902293e-06,1.1451147e-05,2
15315.0,15320.0,15317.5,5.7255733e-06,2.8627866e-05,5
15320.0,15325.0,15322.5,3.435344e-06,1.717672e-05,3
15325.0,15330.0,15327.5,4.5804586e-06,2.2902293e-05,4
15330.0,15335.0,15332.5,2.2902293e-06,1.1451147e-05,2
15335.0,15340.0,15337.5,1.1451147e-06,5.7255733e-06,1
15340.0,15345.0,15342.5,3.435344e-06,1.717672e-05,3
15345.0,15350.0,15347.5,6.8706879e-06,3.435344e-05,6
15350.0,15355.0,15352.5,5.7255733e-06,2.8627866e-05,5
15355.0,15360.0,15357.5,3.435344e-06,1.717672e-05,3
15360.0,15365.0,15362.5,5.7255733e-06,2.8627866e-05,5
15365.0,15370.0,15367.5,8.0158026e-06,4.0079013e-05,7
15370.0,15375.0,15372.5,3.435344e-06,1.717672e-05,3
15375.0,15380.0,15377.5,2.2902293e-06,1.1451147e-05,2
15380.0,15385.0,15382.5,3.435344e-06,1.717672e-05,3
15385.0,15390.0,15387.5,9.1609172e-06,4.5804586e-05,8
15390.0,15395.0,15392.5,3.435344e-06,1.717672e-05,3
15400.0,15405.0,15402.5,4.5804586e-06,2.2902293e-05,4
15405.0,15410.0,15407.5,5.7255733e-06,2.8627866e-05,5
15410.0,15415.0,15412.5,2.2902293e-06,1.1451147e-05,2
15415.0,15420.0,15417.5,4.5804586e-06,2.2902293e-05,4
15420.0,15425.0,15422.5,2.2902293e-06,1.1451147e-05,2
15425.0,15430.0,15427.5,6.8706879e-06,3.435344e-05,6
15430.0,15435.0,15432.5,1.1451147e-06,5.7255733e-06,1
15435.0,15440.0,15437.5,3.435344e-06,1.717672e-05,3
15440.0,15445.0,15442.5,5.7255733e-06,2.8627866e-05,5
15445.0,15450.0,15447.5,3.435344e-06,1.717672e-05,3
15450.0,15455.0,15452.5,5.7255733e-06,2.8627866e-05,5
15455.0,15460.0,15457.5,4.5804586e-06,2.2902293e-05,4
15460.0,15465.0,15462.5,5.7255733e-06,2.8627866e-05,5
15465.0,15470.0,15467.5,3.435344e-06,1.717672e-05,3
15470.0,15475.0,15472.5,3.435344e-06,1.717672e-05,3
15475.0,15480.0,15477.5,2.2902293e-06,1.1451147e-05,2
15480.0,15485.0,15482.5,4.5804586e-06,2.2902293e-05,4
15485.0,15490.0,15487.5,1.1451147e-06,5.7255733e-06,1
15490.0,15495.0,15492.5,3.435344e-06,1.717672e-05,3
15495.0,15500.0,15497.5,3.435344e-06,1.717672e-05,3
15500.0,15505.0,15502.5,3.435344e-06,1.717672e-05,3
15505.0,15510.0,15507.5,2.2902293e-06,1.1451147e-05,2
15510.0,15515.0,15512.5,2.2902293e-06,1.1451147e-05,2
15515.0,15520.0,15517.5,4.5804586e-06,2.2902293e-05,4
15520.0,15525.0,15522.5,2.2902293e-06,1.1451147e-05,2
15530.0,15535.0,15532.5,3.435344e-06,1.717672e-05,3
15535.0,15540.0,15537.5,1.1451147e-06,5.7255733e-06,1
15540.0,15545.0,15542.5,1.1451147e-06,5.7255733e-06,1
15545.0,15550.0,15547.5,3.435344e-06,1.717672e-05,3
15550.0,15555.0,15552.5,5.7255733e-06,2.8627866e-05,5
15555.0,15560.0,15557.5,1.1451147e-06,5.7255733e-06,1
15560.0,15565.0,15562.5,2.2902293e-06,1.1451147e-05,2
15565.0,15570.0,15567.5,5.7255733e-06,2.8627866e-05,5
15570.0,15575.0,15572.5,6.8706879e-06,3.435344e-05,6
15575.0,15580.0,15577.5,3.435344e-06,1.717672e-05,3
15580.0,15585.0,15582.5,4.5804586e-06,2.2902293e-05,4
15585.0,15590.0,15587.5,4.5804586e-06,2.2902293e-05,4
15590.0,15595.0,15592.5,2.2902293e-06,1.1451147e-05,2
15595.0,15600.0,15597.5,4.5804586e-06,2.2902293e-05,4
15600.0,15605.0,15602.5,5.7255733e-06,2.8627866e-05,5
15605.0,15610.0,15607.5,5.7255733e-06,2.8627866e-05,5
15610.0,15615.0,15612.5,1.1451147e-06,5.7255733e-06,1
15615.0,15620.0,15617.5,1.1451147e-06,5.7255733e-06,1
15620.0,15625.0,15622.5,1.1451147e-06,5.7255733e-06,1
15625.0,15630.0,15627.5,3.435344e-06,1.717672e-05,3
15630.0,15635.0,15632.5,2.2902293e-06,1.1451147e-05,2
15635.0,15640.0,15637.5,4.5804586e-06,2.2902293e-05,4
15640.0,15645.0,15642.5,3.435344e-06,1.717672e-05,3
15645.0,15650.0,15647.5,3.435344e-06,1.717672e-05,3
15650.0,15655.0,15652.5,3.435344e-06,1.717672e-05,3
15655.0,15660.0,15657.5,4.5804586e-06,2.2902293e-05,4
15665.0,15670.0,15667.5,3.435344e-06,1.717672e-05,3
15670.0,15675.0,15672.5,3.435344e-06,1.717672e-05,3
15675.0,15680.0,15677.5,1.1451147e-06,5.7255733e-06,1
15680.0,15685.0,15682.5,3.435344e-06,1.717672e-05,3
15685.0,15690.0,15687.5,2.2902293e-06,1.1451147e-05,2
15690.0,15695.0,15692.5,2.2902293e-06,1.1451147e-05,2
15695.0,15700.0,15697.5,3.435344e-06,1.717672e-05,3
15700.0,15705.0,15702.5,4.5804586e-06,2.2902293e-05,4
15705.0,15710.0,15707.5,1.1451147e-06,5.7255733e-06,1
15710.0,15715.0,15712.5,3.435344e-06,1.717672e-05,3
15715.0,15720.0,15717.5,1.1451147e-06,5.7255733e-06,1
15720.0,15725.0,15722.5,3.435344e-06,1.717672e-05,3
15725.0,15730.0,15727.5,3.435344e-06,1.717672e-05,3
15730.0,15735.0,15732.5,5.7255733e-06,2.8627866e-05,5
15735.0,15740.0,15737.5,4.5804586e-06,2.2902293e-05,4
15740.0,15745.0,15742.5,4.5804586e-06,2.2902293e-05,4
15745.0,15750.0,15747.5,2.2902293e-06,1.1451147e-05,2
15750.0,15755.0,15752.5,3.435344e-06,1.717672e-05,3
15755.0,15760.0,15757.5,2.2902293e-06,1.1451147e-05,2
15760.0,15765.0,15762.5,4.5804586e-06,2.2902293e-05,4
15765.0,15770.0,15767.5,1.1451147e-06,5.7255733e-06,1
15770.0,15775.0,15772.5,4.5804586e-06,2.2902293e-05,4
15775.0,15780.0,15777.5,3.435344e-06,1.717672e-05,3
15780.0,15785.0,15782.5,4.5804586e-06,2.2902293e-05,4
15785.0,15790.0,15787.5,4.5804586e-06,2.2902293e-05,4
15790.0,15795.0,15792.5,3.435344e-06,1.717672e-05,3
15795.0,15800.0,15797.5,2.2902293e-06,1.1451147e-05,2
15800.0,15805.0,15802.5,2.2902293e-06,1.1451147e-05,2
15805.0,15810.0,15807.5,3.435344e-06,1.717672e-05,3
15810.0,15815.0,15812.5,4.5804586e-06,2.2902293e-05,4
15815.0,15820.0,15817.5,4.5804586e-06,2.2902293e-05,4
15820.0,15825.0,15822.5,2.2902293e-06,1.1451147e-05,2
15825.0,15830.0,15827.5,1.1451147e-06,5.7255733e-06,1
15830.0,15835.0,15832.5,4.5804586e-06,2.2902293e-05,4
15835.0,15840.0,15837.5,3.435344e-06,1.717672e-05,3
15840.0,15845.0,15842.5,1.1451147e-06,5.7255733e-06,1
15845.0,15850.0,15847.5,2.2902293e-06,1.1451147e-05,2
15850.0,15855.0,15852.5,2.2902293e-06,1.1451147e-05,2
15855.0,15860.0,15857.5,4.5804586e-06,2.2902293e-05,4
15860.0,15865.0,15862.5,4.5804586e-06,2.2902293e-05,4
15865.0,15870.0,15867.5,5.7255733e-06,2.8627866e-05,5
15870.0,15875.0,15872.5,4.5804586e-06,2.2902293e-05,4
15875.0,15880.0,15877.5,1.1451147e-06,5.7255733e-06,1
15880.0,15885.0,15882.5,2.2902293e-06,1.1451147e-05,2
15885.0,15890.0,15887.5,2.2902293e-06,1.1451147e-05,2
15890.0,15895.0,15892.5,4.5804586e-06,2.2902293e-05,4
15900.0,15905.0,15902.5,4.5804586e-06,2.2902293e-05,4
15905.0,15910.0,15907.5,2.2902293e-06,1.1451147e-05,2
15910.0,15915.0,15912.5,4.5804586e-06,2.2902293e-05,4
15915.0,15920.0,15917.5,3.435344e-06,1.717672e-05,3
15920.0,15925.0,15922.5,1.1451147e-06,5.7255733e-06,1
15925.0,15930.0,15927.5,1.1451147e-06,5.7255733e-06,1
15930.0,15935.0,15932.5,3.435344e-06,1.717672e-05,3
15940.0,15945.0,15942.5,3.435344e-06,1.717672e-05,3
15945.0,15950.0,15947.5,1.1451147e-06,5.7255733e-06,1
15950.0,15955.0,15952.5,1.1451147e-06,5.7255733e-06,1
15955.0,15960.0,15957.5,1.1451147e-06,5.7255733e-06,1
15960.0,15965.0,15962.5,3.435344e-06,1.717672e-05,3
15965.0,15970.0,15967.5,1.1451147e-06,5.7255733e-06,1
15970.0,15975.0,15972.5,2.2902293e-06,1.1451147e-05,2
15975.0,15980.0,15977.5,2.2902293e-06,1.1451147e-05,2
15980.0,15985.0,15982.5,8.0158026e-06,4.0079013e-05,7
15985.0,15990.0,15987.5,8.0158026e-06,4.0079013e-05,7
15990.0,15995.0,15992.5,3.435344e-06,1.717672e-05,3
15995.0,16000.0,15997.5,3.435344e-06,1.717672e-05,3
16000.0,16005.0,16002.5,6.8706879e-06,3.435344e-05,6
16005.0,16010.0,16007.5,3.435344e-06,1.717672e-05,3
16010.0,16015.0,16012.5,1.1451147e-06,5.7255733e-06,1
16015.0,16020.0,16017.5,2.2902293e-06,1.1451147e-05,2
16030.0,16035.0,16032.5,1.1451147e-06,5.7255733e-06,1
16035.0,16040.0,16037.5,2.2902293e-06,1.1451147e-05,2
16040.0,16045.0,16042.5,2.2902293e-06,1.1451147e-05,2
16050.0,16055.0,16052.5,8.0158026e-06,4.0079013e-05,7
16055.0,16060.0,16057.5,3.435344e-06,1.717672e-05,3
16060.0,16065.0,16062.5,2.2902293e-06,1.1451147e-05,2
16065.0,16070.0,16067.5,2.2902293e-06,1.1451147e-05,2
16070.0,16075.0,16072.5,2.2902293e-06,1.1451147e-05,2
16075.0,16080.0,16077.5,1.1451147e-06,5.7255733e-06,1
16080.0,16085.0,16082.5,3.435344e-06,1.717672e-05,3
16085.0,16090.0,16087.5,3.435344e-06,1.717672e-05,3
16090.0,16095.0,16092.5,2.2902293e-06,1.1451147e-05,2
16095.0,16100.0,16097.5,3.435344e-06,1.717672e-05,3
16100.0,16105.0,16102.5,6.8706879e-06,3.435344e-05,6
16105.0,16110.0,16107.5,3.435344e-06,1.717672e-05,3
16120.0,16125.0,16122.5,5.7255733e-06,2.8627866e-05,5
16125.0,16130.0,16127.5,4.5804586e-06,2.2902293e-05,4
16130.0,16135.0,16132.5,1.1451147e-06,5.7255733e-06,1
16135.0,16140.0,16137.5,3.435344e-06,1.717672e-05,3
16150.0,16155.0,16152.5,5.7255733e-06,2.8627866e-05,5
16160.0,16165.0,16162.5,6.8706879e-06,3.435344e-05,6
16165.0,16170.0,16167.5,1.1451147e-06,5.7255733e-06,1
16170.0,16175.0,16172.5,3.435344e-06,1.717672e-05,3
16175.0,16180.0,16177.5,8.0158026e-06,4.0079013e-05,7
16180.0,16185.0,16182.5,4.5804586e-06,2.2902293e-05,4
16185.0,16190.0,16187.5,4.5804586e-06,2.2902293e-05,4
16195.0,16200.0,16197.5,3.435344e-06,1.717672e-05,3
16200.0,16205.0,16202.5,5.7255733e-06,2.8627866e-05,5
16205.0,16210.0,16207.5,2.2902293e-06,1.1451147e-05,2
16210.0,16215.0,16212.5,1.1451147e-06,5.7255733e-06,1
16215.0,16220.0,16217.5,1.1451147e-06,5.7255733e-06,1
16220.0,16225.0,16222.5,3.435344e-06,1.717672e-05,3
16225.0,16230.0,16227.5,2.2902293e-06,1.1451147e-05,2
16230.0,16235.0,16232.5,2.2902293e-06,1.1451147e-05,2
16235.0,16240.0,16237.5,1.1451147e-06,5.7255733e-06,1
16240.0,16245.0,16242.5,3.435344e-06,1.717672e-05,3
16245.0,16250.0,16247.5,2.2902293e-06,1.1451147e-05,2
16250.0,16255.0,16252.5,2.2902293e-06,1.1451147e-05,2
16255.0,16260.0,16257.5,2.2902293e-06,1.1451147e-05,2
16260.0,16265.0,16262.5,8.0158026e-06,4.0079013e-05,7
16265.0,16270.0,16267.5,4.5804586e-06,2.2902293e-05,4
16270.0,16275.0,16272.5,3.435344e-06,1.717672e-05,3
16275.0,16280.0,16277.5,2.2902293e-06,1.1451147e-05,2
16285.0,16290.0,16287.5,1.1451147e-06,5.7255733e-06,1
16290.0,16295.0,16292.5,4.5804586e-06,2.2902293e-05,4
16295.0,16300.0,16297.5,4.5804586e-06,2.2902293e-05,4
16300.0,16305.0,16302.5,1.1451147e-06,5.7255733e-06,1
16305.0,16310.0,16307.5,3.435344e-06,1.717672e-05,3
16310.0,16315.0,16312.5,1.1451147e-06,5.7255733e-06,1
16315.0,16320.0,16317.5,3.435344e-06,1.717672e-05,3
16320.0,16325.0,16322.5,1.1451147e-06,5.7255733e-06,1
16325.0,16330.0,16327.5,5.7255733e-06,2.8627866e-05,5
16330.0,16335.0,16332.5,2.2902293e-06,1.1451147e-05,2
16335.0,16340.0,16337.5,1.1451147e-06,5.7255733e-06,1
16340.0,16345.0,16342.5,4.5804586e-06,2.2902293e-05,4
16345.0,16350.0,16347.5,2.2902293e-06,1.1451147e-05,2
16355.0,16360.0,16357.5,2.2902293e-06,1.1451147e-05,2
16360.0,16365.0,16362.5,1.1451147e-06,5.7255733e-06,1
16365.0,16370.0,16367.5,4.5804586e-06,2.2902293e-05,4
16370.0,16375.0,16372.5,2.2902293e-06,1.1451147e-05,2
16375.0,16380.0,16377.5,3.435344e-06,1.717672e-05,3
16380.0,16385.0,16382.5,2.2902293e-06,1.1451147e-05,2
16385.0,16390.0,16387.5,3.435344e-06,1.717672e-05,3
16390.0,16395.0,16392.5,9.1609172e-06,4.5804586e-05,8
16395.0,16400.0,16397.5,2.2902293e-06,1.1451147e-05,2
16400.0,16405.0,16402.5,1.1451147e-06,5.7255733e-06,1
16405.0,16410.0,16407.5,3.435344e-06,1.717672e-05,3
16410.0,16415.0,16412.5,1.1451147e-06,5.7255733e-06,1
16415.0,16420.0,16417.5,2.2902293e-06,1.1451147e-05,2
16420.0,16425.0,16422.5,2.2902293e-06,1.1451147e-05,2
16425.0,16430.0,16427.5,4.5804586e-06,2.2902293e-05,4
16440.0,16445.0,16442.5,1.1451147e-06,5.7255733e-06,1
16445.0,16450.0,16447.5,5.7255733e-06,2.8627866e-05,5
16450.0,16455.0,16452.5,2.2902293e-06,1.1451147e-05,2
16455.0,16460.0,16457.5,1.1451147e-06,5.7255733e-06,1
16460.0,16465.0,16462.5,6.8706879e-06,3.435344e-05,6
16465.0,16470.0,16467.5,4.5804586e-06,2.2902293e-05,4
16470.0,16475.0,16472.5,1.1451147e-06,5.7255733e-06,1
16475.0,16480.0,16477.5,2.2902293e-06,1.1451147e-05,2
16480.0,16485.0,16482.5,2.2902293e-06,1.1451147e-05,2
16485.0,16490.0,16487.5,1.1451147e-06,5.7255733e-06,1
16490.0,16495.0,16492.5,2.2902293e-06,1.1451147e-05,2
16495.0,16500.0,16497.5,1.1451147e-06,5.7255733e-06,1
16500.0,16505.0,16502.5,2.2902293e-06,1.1451147e-05,2
16505.0,16510.0,16507.5,4.5804586e-06,2.2902293e-05,4
16510.0,16515.0,16512.5,1.1451147e-06,5.7255733e-06,1
16515.0,16520.0,16517.5,2.2902293e-06,1.1451147e-05,2
16520.0,16525.0,16522.5,2.2902293e-06,1.1451147e-05,2
16525.0,16530.0,16527.5,1.1451147e-06,5.7255733e-06,1
16530.0,16535.0,16532.5,4.5804586e-06,2.2902293e-05,4
16540.0,16545.0,16542.5,2.2902293e-06,1.1451147e-05,2
16545.0,16550.0,16547.5,3.435344e-06,1.717672e-05,3
16550.0,16555.0,16552.5,3.435344e-06,1.717672e-05,3
16555.0,16560.0,16557.5,3.435344e-06,1.717672e-05,3
16560.0,16565.0,16562.5,2.2902293e-06,1.1451147e-05,2
16565.0,16570.0,16567.5,4.5804586e-06,2.2902293e-05,4
16570.0,16575.0,16572.5,1.1451147e-06,5.7255733e-06,1
16575.0,16580.0,16577.5,3.435344e-06,1.717672e-05,3
16585.0,16590.0,16587.5,2.2902293e-06,1.1451147e-05,2
16595.0,16600.0,16597.5,3.435344e-06,1.717672e-05,3
16600.0,16605.0,16602.5,1.1451147e-06,5.7255733e-06,1
16605.0,16610.0,16607.5,2.2902293e-06,1.1451147e-05,2
16610.0,16615.0,16612.5,2.2902293e-06,1.1451147e-05,2
16620.0,16625.0,16622.5,3.435344e-06,1.717672e-05,3
16625.0,16630.0,16627.5,3.435344e-06,1.717672e-05,3
16630.0,16635.0,16632.5,2.2902293e-06,1.1451147e-05,2
16640.0,16645.0,16642.5,1.1451147e-06,5.7255733e-06,1
16645.0,16650.0,16647.5,2.2902293e-06,1.1451147e-05,2
16650.0,16655.0,16652.5,1.1451147e-06,5.7255733e-06,1
16660.0,16665.0,16662.5,2.2902293e-06,1.1451147e-05,2
16665.0,16670.0,16667.5,5.7255733e-06,2.8627866e-05,5
16670.0,16675.0,16672.5,2.2902293e-06,1.1451147e-05,2
16675.0,16680.0,16677.5,2.2902293e-06,1.1451147e-05,2
16680.0,16685.0,16682.5,1.1451147e-06,5.7255733e-06,1
16685.0,16690.0,16687.5,3.435344e-06,1.717672e-05,3
16690.0,16695.0,16692.5,2.2902293e-06,1.1451147e-05,2
16695.0,16700.0,16697.5,1.1451147e-06,5.7255733e-06,1
16705.0,16710.0,16707.5,2.2902293e-06,1.1451147e-05,2
16710.0,16715.0,16712.5,1.1451147e-06,5.7255733e-06,1
16715.0,16720.0,16717.5,4.5804586e-06,2.2902293e-05,4
16720.0,16725.0,16722.5,3.435344e-06,1.717672e-05,3
16725.0,16730.0,16727.5,1.1451147e-06,5.7255733e-06,1
16730.0,16735.0,16732.5,2.2902293e-06,1.1451147e-05,2
16740.0,16745.0,16742.5,1.1451147e-06,5.7255733e-06,1
16755.0,16760.0,16757.5,3.435344e-06,1.717672e-05,3
16760.0,16765.0,16762.5,5.7255733e-06,2.8627866e-05,5
16765.0,16770.0,16767.5,2.2902293e-06,1.1451147e-05,2
16770.0,16775.0,16772.5,1.1451147e-06,5.7255733e-06,1
16775.0,16780.0,16777.5,1.1451147e-06,5.7255733e-06,1
16780.0,16785.0,16782.5,1.1451147e-06,5.7255733e-06,1
16785.0,16790.0,16787.5,1.1451147e-06,5.7255733e-06,1
16795.0,16800.0,16797.5,2.2902293e-06,1.1451147e-05,2
16800.0,16805.0,16802.5,2.2902293e-06,1.1451147e-05,2
16810.0,16815.0,16812.5,1.1451147e-06,5.7255733e-06,1
16815.0,16820.0,16817.5,2.2902293e-06,1.1451147e-05,2
16820.0,16825.0,16822.5,2.2902293e-06,1.1451147e-05,2
16825.0,16830.0,16827.5,3.435344e-06,1.717672e-05,3
16830.0,16835.0,16832.5,2.2902293e-06,1.1451147e-05,2
16835.0,16840.0,16837.5,3.435344e-06,1.717672e-05,3
16840.0,16845.0,16842.5,1.1451147e-06,5.7255733e-06,1
16845.0,16850.0,16847.5,2.2902293e-06,1.1451147e-05,2
16855.0,16860.0,16857.5,1.1451147e-06,5.7255733e-06,1
16860.0,16865.0,16862.5,2.2902293e-06,1.1451147e-05,2
16865.0,16870.0,16867.5,2.2902293e-06,1.1451147e-05,2
16870.0,16875.0,16872.5,2.2902293e-06,1.1451147e-05,2
16875.0,16880.0,16877.5,1.1451147e-06,5.7255733e-06,1
16880.0,16885.0,16882.5,2.2902293e-06,1.1451147e-05,2
16885.0,16890.0,16887.5,2.2902293e-06,1.1451147e-05,2
16890.0,16895.0,16892.5,2.2902293e-06,1.1451147e-05,2
16895.0,16900.0,16897.5,1.1451147e-06,5.7255733e-06,1
16915.0,16920.0,16917.5,1.1451147e-06,5.7255733e-06,1
16920.0,16925.0,16922.5,5.7255733e-06,2.8627866e-05,5
16930.0,16935.0,16932.5,1.1451147e-06,5.7255733e-06,1
16940.0,16945.0,16942.5,2.2902293e-06,1.1451147e-05,2
16945.0,16950.0,16947.5,1.1451147e-06,5.7255733e-06,1
16950.0,16955.0,16952.5,1.1451147e-06,5.7255733e-06,1
16955.0,16960.0,16957.5,3.435344e-06,1.717672e-05,3
16960.0,16965.0,16962.5,3.435344e-06,1.717672e-05,3
16965.0,16970.0,16967.5,2.2902293e-06,1.1451147e-05,2
16970.0,16975.0,16972.5,2.2902293e-06,1.1451147e-05,2
16975.0,16980.0,16977.5,2.2902293e-06,1.1451147e-05,2
16995.0,17000.0,16997.5,2.2902293e-06,1.1451147e-05,2
17000.0,17005.0,17002.5,2.2902293e-06,1.1451147e-05,2
17005.0,17010.0,17007.5,2.2902293e-06,1.1451147e-05,2
17010.0,17015.0,17012.5,1.1451147e-06,5.7255733e-06,1
17020.0,17025.0,17022.5,3.435344e-06,1.717672e-05,3
17030.0,17035.0,17032.5,1.1451147e-06,5.7255733e-06,1
17035.0,17040.0,17037.5,3.435344e-06,1.717672e-05,3
17040.0,17045.0,17042.5,2.2902293e-06,1.1451147e-05,2
17045.0,17050.0,17047.5,1.1451147e-06,5.7255733e-06,1
17050.0,17055.0,17052.5,2.2902293e-06,1.1451147e-05,2
17055.0,17060.0,17057.5,1.1451147e-06,5.7255733e-06,1
17060.0,17065.0,17062.5,1.1451147e-06,5.7255733e-06,1
17065.0,17070.0,17067.5,2.2902293e-06,1.1451147e-05,2
17070.0,17075.0,17072.5,6.8706879e-06,3.435344e-05,6
17075.0,17080.0,17077.5,1.1451147e-06,5.7255733e-06,1
17080.0,17085.0,17082.5,1.1451147e-06,5.7255733e-06,1
17085.0,17090.0,17087.5,4.5804586e-06,2.2902293e-05,4
17090.0,17095.0,17092.5,3.435344e-06,1.717672e-05,3
17095.0,17100.0,17097.5,3.435344e-06,1.717672e-05,3
17100.0,17105.0,17102.5,1.1451147e-06,5.7255733e-06,1
17105.0,17110.0,17107.5,1.1451147e-06,5.7255733e-06,1
17110.0,17115.0,17112.5,1.1451147e-06,5.7255733e-06,1
17115.0,17120.0,17117.5,4.5804586e-06,2.2902293e-05,4
17120.0,17125.0,17122.5,3.435344e-06,1.717672e-05,3
17125.0,17130.0,17127.5,1.1451147e-06,5.7255733e-06,1
17130.0,17135.0,17132.5,2.2902293e-06,1.1451147e-05,2
17135.0,17140.0,17137.5,2.2902293e-06,1.1451147e-05,2
17140.0,17145.0,17142.5,3.435344e-06,1.717672e-05,3
17145.0,17150.0,17147.5,2.2902293e-06,1.1451147e-05,2
17150.0,17155.0,17152.5,2.2902293e-06,1.1451147e-05,2
17155.0,17160.0,17157.5,1.1451147e-06,5.7255733e-06,1
17165.0,17170.0,17167.5,2.2902293e-06,1.1451147e-05,2
17170.0,17175.0,17172.5,3.435344e-06,1.717672e-05,3
17175.0,17180.0,17177.5,1.1451147e-06,5.7255733e-06,1
17180.0,17185.0,17182.5,3.435344e-06,1.717672e-05,3
17185.0,17190.0,17187.5,3.435344e-06,1.717672e-05,3
17190.0,17195.0,17192.5,2.2902293e-06,1.1451147e-05,2
17195.0,17200.0,17197.5,4.5804586e-06,2.2902293e-05,4
17200.0,17205.0,17202.5,2.2902293e-06,1.1451147e-05,2
17205.0,17210.0,17207.5,1.1451147e-06,5.7255733e-06,1
17210.0,17215.0,17212.5,1.1451147e-06,5.7255733e-06,1
17220.0,17225.0,17222.5,2.2902293e-06,1.1451147e-05,2
17225.0,17230.0,17227.5,2.2902293e-06,1.1451147e-05,2
17230.0,17235.0,17232.5,1.1451147e-06,5.7255733e-06,1
17235.0,17240.0,17237.5,1.1451147e-06,5.7255733e-06,1
17240.0,17245.0,17242.5,2.2902293e-06,1.1451147e-05,2
17250.0,17255.0,17252.5,3.435344e-06,1.717672e-05,3
17265.0,17270.0,17267.5,3.435344e-06,1.717672e-05,3
17275.0,17280.0,17277.5,1.1451147e-06,5.7255733e-06,1
17285.0,17290.0,17287.5,2.2902293e-06,1.1451147e-05,2
17290.0,17295.0,17292.5,3.435344e-06,1.717672e-05,3
17295.0,17300.0,17297.5,2.2902293e-06,1.1451147e-05,2
17300.0,17305.0,17302.5,2.2902293e-06,1.1451147e-05,2
17305.0,17310.0,17307.5,1.1451147e-06,5.7255733e-06,1
17310.0,17315.0,17312.5,1.1451147e-06,5.7255733e-06,1
17320.0,17325.0,17322.5,2.2902293e-06,1.1451147e-05,2
17325.0,17330.0,17327.5,1.1451147e-06,5.7255733e-06,1
17330.0,17335.0,17332.5,1.1451147e-06,5.7255733e-06,1
17335.0,17340.0,17337.5,2.2902293e-06,1.1451147e-05,2
17345.0,17350.0,17347.5,2.2902293e-06,1.1451147e-05,2
17360.0,17365.0,17362.5,1.1451147e-06,5.7255733e-06,1
17380.0,17385.0,17382.5,2.2902293e-06,1.1451147e-05,2
17385.0,17390.0,17387.5,3.435344e-06,1.717672e-05,3
17390.0,17395.0,17392.5,4.5804586e-06,2.2902293e-05,4
17395.0,17400.0,17397.5,2.2902293e-06,1.1451147e-05,2
17400.0,17405.0,17402.5,1.1451147e-06,5.7255733e-06,1
17410.0,17415.0,17412.5,2.2902293e-06,1.1451147e-05,2
17415.0,17420.0,17417.5,1.1451147e-06,5.7255733e-06,1
17420.0,17425.0,17422.5,1.1451147e-06,5.7255733e-06,1
17425.0,17430.0,17427.5,1.1451147e-06,5.7255733e-06,1
17440.0,17445.0,17442.5,1.1451147e-06,5.7255733e-06,1
17455.0,17460.0,17457.5,2.2902293e-06,1.1451147e-05,2
17460.0,17465.0,17462.5,2.2902293e-06,1.1451147e-05,2
17475.0,17480.0,17477.5,1.1451147e-06,5.7255733e-06,1
17480.0,17485.0,17482.5,2.2902293e-06,1.1451147e-05,2
17485.0,17490.0,17487.5,2.2902293e-06,1.1451147e-05,2
17505.0,17510.0,17507.5,2.2902293e-06,1.1451147e-05,2
17515.0,17520.0,17517.5,1.1451147e-06,5.7255733e-06,1
17520.0,17525.0,17522.5,3.435344e-06,1.717672e-05,3
17525.0,17530.0,17527.5,2.2902293e-06,1.1451147e-05,2
17530.0,17535.0,17532.5,2.2902293e-06,1.1451147e-05,2
17545.0,17550.0,17547.5,1.1451147e-06,5.7255733e-06,1
17550.0,17555.0,17552.5,2.2902293e-06,1.1451147e-05,2
17555.0,17560.0,17557.5,1.1451147e-06,5.7255733e-06,1
17560.0,17565.0,17562.5,1.1451147e-06,5.7255733e-06,1
17565.0,17570.0,17567.5,2.2902293e-06,1.1451147e-05,2
17570.0,17575.0,17572.5,1.1451147e-06,5.7255733e-06,1
17580.0,17585.0,17582.5,1.1451147e-06,5.7255733e-06,1
17585.0,17590.0,17587.5,1.1451147e-06,5.7255733e-06,1
17590.0,17595.0,17592.5,3.435344e-06,1.717672e-05,3
17600.0,17605.0,17602.5,3.435344e-06,1.717672e-05,3
17605.0,17610.0,17607.5,1.1451147e-06,5.7255733e-06,1
17610.0,17615.0,17612.5,2.2902293e-06,1.1451147e-05,2
17625.0,17630.0,17627.5,1.1451147e-06,5.7255733e-06,1
17630.0,17635.0,17632.5,1.1451147e-06,5.7255733e-06,1
17640.0,17645.0,17642.5,1.1451147e-06,5.7255733e-06,1
17645.0,17650.0,17647.5,1.1451147e-06,5.7255733e-06,1
17650.0,17655.0,17652.5,2.2902293e-06,1.1451147e-05,2
17655.0,17660.0,17657.5,2.2902293e-06,1.1451147e-05,2
17660.0,17665.0,17662.5,1.1451147e-06,5.7255733e-06,1
17665.0,17670.0,17667.5,2.2902293e-06,1.1451147e-05,2
17670.0,17675.0,17672.5,1.1451147e-06,5.7255733e-06,1
17675.0,17680.0,17677.5,3.435344e-06,1.717672e-05,3
17680.0,17685.0,17682.5,1.1451147e-06,5.7255733e-06,1
17720.0,17725.0,17722.5,1.1451147e-06,5.7255733e-06,1
17735.0,17740.0,17737.5,1.1451147e-06,5.7255733e-06,1
17740.0,17745.0,17742.5,1.1451147e-06,5.7255733e-06,1
17760.0,17765.0,17762.5,2.2902293e-06,1.1451147e-05,2
17770.0,17775.0,17772.5,1.1451147e-06,5.7255733e-06,1
17790.0,17795.0,17792.5,1.1451147e-06,5.7255733e-06,1
17800.0,17805.0,17802.5,1.1451147e-06,5.7255733e-06,1
17820.0,17825.0,17822.5,1.1451147e-06,5.7255733e-06,1
17825.0,17830.0,17827.5,2.2902293e-06,1.1451147e-05,2
17840.0,17845.0,17842.5,2.2902293e-06,1.1451147e-05,2
17860.0,17865.0,17862.5,2.2902293e-06,1.1451147e-05,2
17865.0,17870.0,17867.5,2.2902293e-06,1.1451147e-05,2
17870.0,17875.0,17872.5,2.2902293e-06,1.1451147e-05,2
17875.0,17880.0,17877.5,3.435344e-06,1.717672e-05,3
17880.0,17885.0,17882.5,1.1451147e-06,5.7255733e-06,1
17900.0,17905.0,17902.5,1.1451147e-06,5.7255733e-06,1
17910.0,17915.0,17912.5,1.1451147e-06,5.7255733e-06,1
17915.0,17920.0,17917.5,1.1451147e-06,5.7255733e-06,1
17925.0,17930.0,17927.5,2.2902293e-06,1.1451147e-05,2
17930.0,17935.0,17932.5,3.435344e-06,1.717672e-05,3
17935.0,17940.0,17937.5,1.1451147e-06,5.7255733e-06,1
17945.0,17950.0,17947.5,2.2902293e-06,1.1451147e-05,2
17950.0,17955.0,17952.5,1.1451147e-06,5.7255733e-06,1
17960.0,17965.0,17962.5,1.1451147e-06,5.7255733e-06,1
17965.0,17970.0,17967.5,1.1451147e-06,5.7255733e-06,1
17970.0,17975.0,17972.5,1.1451147e-06,5.7255733e-06,1
17975.0,17980.0,17977.5,1.1451147e-06,5.7255733e-06,1
17990.0,17995.0,17992.5,1.1451147e-06,5.7255733e-06,1
18000.0,18005.0,18002.5,1.1451147e-06,5.7255733e-06,1
18015.0,18020.0,18017.5,1.1451147e-06,5.7255733e-06,1
18020.0,18025.0,18022.5,1.1451147e-06,5.7255733e-06,1
18025.0,18030.0,18027.5,2.2902293e-06,1.1451147e-05,2
18030.0,18035.0,18032.5,2.2902293e-06,1.1451147e-05,2
18040.0,18045.0,18042.5,2.2902293e-06,1.1451147e-05,2
18060.0,18065.0,18062.5,1.1451147e-06,5.7255733e-06,1
18065.0,18070.0,18067.5,1.1451147e-06,5.7255733e-06,1
18070.0,18075.0,18072.5,1.1451147e-06,5.7255733e-06,1
18075.0,18080.0,18077.5,1.1451147e-06,5.7255733e-06,1
18080.0,18085.0,18082.5,2.2902293e-06,1.1451147e-05,2
18090.0,18095.0,18092.5,1.1451147e-06,5.7255733e-06,1
18095.0,18100.0,18097.5,1.1451147e-06,5.7255733e-06,1
18100.0,18105.0,18102.5,1.1451147e-06,5.7255733e-06,1
18105.0,18110.0,18107.5,1.1451147e-06,5.7255733e-06,1
18110.0,18115.0,18112.5,1.1451147e-06,5.7255733e-06,1
18115.0,18120.0,18117.5,1.1451147e-06,5.7255733e-06,1
18135.0,18140.0,18137.5,1.1451147e-06,5.7255733e-06,1
18140.0,18145.0,18142.5,2.2902293e-06,1.1451147e-05,2
18145.0,18150.0,18147.5,1.1451147e-06,5.7255733e-06,1
18150.0,18155.0,18152.5,1.1451147e-06,5.7255733e-06,1
18155.0,18160.0,18157.5,2.2902293e-06,1.1451147e-05,2
18170.0,18175.0,18172.5,2.2902293e-06,1.1451147e-05,2
18180.0,18185.0,18182.5,1.1451147e-06,5.7255733e-06,1
18185.0,18190.0,18187.5,1.1451147e-06,5.7255733e-06,1
18190.0,18195.0,18192.5,1.1451147e-06,5.7255733e-06,1
18195.0,18200.0,18197.5,1.1451147e-06,5.7255733e-06,1
18200.0,18205.0,18202.5,1.1451147e-06,5.7255733e-06,1
18210.0,18215.0,18212.5,1.1451147e-06,5.7255733e-06,1
18225.0,18230.0,18227.5,2.2902293e-06,1.1451147e-05,2
18240.0,18245.0,18242.5,1.1451147e-06,5.7255733e-06,1
18260.0,18265.0,18262.5,1.1451147e-06,5.7255733e-06,1
18270.0,18275.0,18272.5,1.1451147e-06,5.7255733e-06,1
18275.0,18280.0,18277.5,1.1451147e-06,5.7255733e-06,1
18280.0,18285.0,18282.5,1.1451147e-06,5.7255733e-06,1
18290.0,18295.0,18292.5,1.1451147e-06,5.7255733e-06,1
18295.0,18300.0,18297.5,1.1451147e-06,5.7255733e-06,1
18300.0,18305.0,18302.5,2.2902293e-06,1.1451147e-05,2
18350.0,18355.0,18352.5,1.1451147e-06,5.7255733e-06,1
18355.0,18360.0,18357.5,1.1451147e-06,5.7255733e-06,1
18360.0,18365.0,18362.5,3.435344e-06,1.717672e-05,3
18370.0,18375.0,18372.5,1.1451147e-06,5.7255733e-06,1
18380.0,18385.0,18382.5,1.1451147e-06,5.7255733e-06,1
18385.0,18390.0,18387.5,1.1451147e-06,5.7255733e-06,1
18390.0,18395.0,18392.5,2.2902293e-06,1.1451147e-05,2
18395.0,18400.0,18397.5,1.1451147e-06,5.7255733e-06,1
18405.0,18410.0,18407.5,1.1451147e-06,5.7255733e-06,1
18415.0,18420.0,18417.5,1.1451147e-06,5.7255733e-06,1
18425.0,18430.0,18427.5,1.1451147e-06,5.7255733e-06,1
18430.0,18435.0,18432.5,1.1451147e-06,5.7255733e-06,1
18445.0,18450.0,18447.5,3.435344e-06,1.717672e-05,3
18455.0,18460.0,18457.5,1.1451147e-06,5.7255733e-06,1
18470.0,18475.0,18472.5,3.435344e-06,1.717672e-05,3
18485.0,18490.0,18487.5,1.1451147e-06,5.7255733e-06,1
18490.0,18495.0,18492.5,1.1451147e-06,5.7255733e-06,1
18510.0,18515.0,18512.5,1.1451147e-06,5.7255733e-06,1
18520.0,18525.0,18522.5,1.1451147e-06,5.7255733e-06,1
18525.0,18530.0,18527.5,2.2902293e-06,1.1451147e-05,2
18530.0,18535.0,18532.5,1.1451147e-06,5.7255733e-06,1
18555.0,18560.0,18557.5,1.1451147e-06,5.7255733e-06,1
18565.0,18570.0,18567.5,1.1451147e-06,5.7255733e-06,1
18570.0,18575.0,18572.5,3.435344e-06,1.717672e-05,3
18575.0,18580.0,18577.5,3.435344e-06,1.717672e-05,3
18595.0,18600.0,18597.5,2.2902293e-06,1.1451147e-05,2
18600.0,18605.0,18602.5,1.1451147e-06,5.7255733e-06,1
18605.0,18610.0,18607.5,1.1451147e-06,5.7255733e-06,1
18615.0,18620.0,18617.5,2.2902293e-06,1.1451147e-05,2
18635.0,18640.0,18637.5,1.1451147e-06,5.7255733e-06,1
18650.0,18655.0,18652.5,1.1451147e-06,5.7255733e-06,1
18660.0,18665.0,18662.5,1.1451147e-06,5.7255733e-06,1
18670.0,18675.0,18672.5,1.1451147e-06,5.7255733e-06,1
18685.0,18690.0,18687.5,1.1451147e-06,5.7255733e-06,1
18690.0,18695.0,18692.5,1.1451147e-06,5.7255733e-06,1
18700.0,18705.0,18702.5,1.1451147e-06,5.7255733e-06,1
18725.0,18730.0,18727.5,1.1451147e-06,5.7255733e-06,1
18730.0,18735.0,18732.5,1.1451147e-06,5.7255733e-06,1
18740.0,18745.0,18742.5,1.1451147e-06,5.7255733e-06,1
18760.0,18765.0,18762.5,2.2902293e-06,1.1451147e-05,2
18770.0,18775.0,18772.5,1.1451147e-06,5.7255733e-06,1
18785.0,18790.0,18787.5,1.1451147e-06,5.7255733e-06,1
18790.0,18795.0,18792.5,1.1451147e-06,5.7255733e-06,1
18805.0,18810.0,18807.5,1.1451147e-06,5.7255733e-06,1
18810.0,18815.0,18812.5,1.1451147e-06,5.7255733e-06,1
18825.0,18830.0,18827.5,1.1451147e-06,5.7255733e-06,1
18835.0,18840.0,18837.5,1.1451147e-06,5.7255733e-06,1
18850.0,18855.0,18852.5,1.1451147e-06,5.7255733e-06,1
18870.0,18875.0,18872.5,1.1451147e-06,5.7255733e-06,1
18885.0,18890.0,18887.5,1.1451147e-06,5.7255733e-06,1
18890.0,18895.0,18892.5,1.1451147e-06,5.7255733e-06,1
18910.0,18915.0,18912.5,1.1451147e-06,5.7255733e-06,1
18925.0,18930.0,18927.5,2.2902293e-06,1.1451147e-05,2
18940.0,18945.0,18942.5,1.1451147e-06,5.7255733e-06,1
18960.0,18965.0,18962.5,2.2902293e-06,1.1451147e-05,2
18965.0,18970.0,18967.5,1.1451147e-06,5.7255733e-06,1
18975.0,18980.0,18977.5,1.1451147e-06,5.7255733e-06,1
18980.0,18985.0,18982.5,1.1451147e-06,5.7255733e-06,1
18985.0,18990.0,18987.5,1.1451147e-06,5.7255733e-06,1
18990.0,18995.0,18992.5,2.2902293e-06,1.1451147e-05,2
19000.0,19005.0,19002.5,1.1451147e-06,5.7255733e-06,1
19005.0,19010.0,19007.5,2.2902293e-06,1.1451147e-05,2
19015.0,19020.0,19017.5,1.1451147e-06,5.7255733e-06,1
19025.0,19030.0,19027.5,1.1451147e-06,5.7255733e-06,1
19030.0,19035.0,19032.5,2.2902293e-06,1.1451147e-05,2
19060.0,19065.0,19062.5,1.1451147e-06,5.7255733e-06,1
19070.0,19075.0,19072.5,1.1451147e-06,5.7255733e-06,1
19075.0,19080.0,19077.5,2.2902293e-06,1.1451147e-05,2
19105.0,19110.0,19107.5,1.1451147e-06,5.7255733e-06,1
19140.0,19145.0,19142.5,1.1451147e-06,5.7255733e-06,1
19145.0,19150.0,19147.5,1.1451147e-06,5.7255733e-06,1
19155.0,19160.0,19157.5,1.1451147e-06,5.7255733e-06,1
19160.0,19165.0,19162.5,1.1451147e-06,5.7255733e-06,1
19165.0,19170.0,19167.5,1.1451147e-06,5.7255733e-06,1
19185.0,19190.0,19187.5,2.2902293e-06,1.1451147e-05,2
19215.0,19220.0,19217.5,1.1451147e-06,5.7255733e-06,1
19245.0,19250.0,19247.5,1.1451147e-06,5.7255733e-06,1
19260.0,19265.0,19262.5,1.1451147e-06,5.7255733e-06,1
19285.0,19290.0,19287.5,1.1451147e-06,5.7255733e-06,1
19305.0,19310.0,19307.5,1.1451147e-06,5.7255733e-06,1
19340.0,19345.0,19342.5,1.1451147e-06,5.7255733e-06,1
19350.0,19355.0,19352.5,1.1451147e-06,5.7255733e-06,1
19355.0,19360.0,19357.5,1.1451147e-06,5.7255733e-06,1
19375.0,19380.0,19377.5,2.2902293e-06,1.1451147e-05,2
19415.0,19420.0,19417.5,1.1451147e-06,5.7255733e-06,1
19425.0,19430.0,19427.5,1.1451147e-06,5.7255733e-06,1
19430.0,19435.0,19432.5,1.1451147e-06,5.7255733e-06,1
19470.0,19475.0,19472.5,1.1451147e-06,5.7255733e-06,1
19480.0,19485.0,19482.5,1.1451147e-06,5.7255733e-06,1
19525.0,19530.0,19527.5,2.2902293e-06,1.1451147e-05,2
19530.0,19535.0,19532.5,1.1451147e-06,5.7255733e-06,1
19535.0,19540.0,19537.5,1.1451147e-06,5.7255733e-06,1
19560.0,19565.0,19562.5,1.1451147e-06,5.7255733e-06,1
19565.0,19570.0,19567.5,1.1451147e-06,5.7255733e-06,1
19585.0,19590.0,19587.5,1.1451147e-06,5.7255733e-06,1
19595.0,19600.0,19597.5,1.1451147e-06,5.7255733e-06,1
19605.0,19610.0,19607.5,1.1451147e-06,5.7255733e-06,1
19610.0,19615.0,19612.5,1.1451147e-06,5.7255733e-06,1
19620.0,19625.0,19622.5,1.1451147e-06,5.7255733e-06,1
19665.0,19670.0,19667.5,3.435344e-06,1.717672e-05,3
19675.0,19680.0,19677.5,1.1451147e-06,5.7255733e-06,1
19680.0,19685.0,19682.5,1.1451147e-06,5.7255733e-06,1
19715.0,19720.0,19717.5,1.1451147e-06,5.7255733e-06,1
19735.0,19740.0,19737.5,1.1451147e-06,5.7255733e-06,1
19745.0,19750.0,19747.5,2.2902293e-06,1.1451147e-05,2
19755.0,19760.0,19757.5,1.1451147e-06,5.7255733e-06,1
19760.0,19765.0,19762.5,2.2902293e-06,1.1451147e-05,2
19785.0,19790.0,19787.5,1.1451147e-06,5.7255733e-06,1
19810.0,19815.0,19812.5,1.1451147e-06,5.7255733e-06,1
19815.0,19820.0,19817.5,1.1451147e-06,5.7255733e-06,1
19830.0,19835.0,19832.5,1.1451147e-06,5.7255733e-06,1
19855.0,19860.0,19857.5,1.1451147e-06,5.7255733e-06,1
19870.0,19875.0,19872.5,1.1451147e-06,5.7255733e-06,1
19940.0,19945.0,19942.5,2.2902293e-06,1.1451147e-05,2
19955.0,19960.0,19957.5,1.1451147e-06,5.7255733e-06,1
19995.0,20000.0,19997.5,1.1451147e-06,5.7255733e-06,1
20040.0,20045.0,20042.5,1.1451147e-06,5.7255733e-06,1
20050.0,20055.0,20052.5,1.1451147e-06,5.7255733e-06,1
20055.0,20060.0,20057.5,1.1451147e-06,5.7255733e-06,1
20060.0,20065.0,20062.5,1.1451147e-06,5.7255733e-06,1
20080.0,20085.0,20082.5,3.435344e-06,1.717672e-05,3
20085.0,20090.0,20087.5,1.1451147e-06,5.7255733e-06,1
20090.0,20095.0,20092.5,1.1451147e-06,5.7255733e-06,1
20095.0,20100.0,20097.5,2.2902293e-06,1.1451147e-05,2
20140.0,20145.0,20142.5,2.2902293e-06,1.1451147e-05,2
20175.0,20180.0,20177.5,1.1451147e-06,5.7255733e-06,1
20225.0,20230.0,20227.5,1.1451147e-06,5.7255733e-06,1
20340.0,20345.0,20342.5,1.1451147e-06,5.7255733e-06,1
20400.0,20405.0,20402.5,1.1451147e-06,5.7255733e-06,1
20440.0,20445.0,20442.5,1.1451147e-06,5.7255733e-06,1
20465.0,20470.0,20467.5,2.2902293e-06,1.1451147e-05,2
20480.0,20485.0,20482.5,1.1451147e-06,5.7255733e-06,1
20485.0,20490.0,20487.5,1.1451147e-06,5.7255733e-06,1
20495.0,20500.0,20497.5,1.1451147e-06,5.7255733e-06,1
20505.0,20510.0,20507.5,2.2902293e-06,1.1451147e-05,2
20510.0,20515.0,20512.5,1.1451147e-06,5.7255733e-06,1
20540.0,20545.0,20542.5,1.1451147e-06,5.7255733e-06,1
20555.0,20560.0,20557.5,1.1451147e-06,5.7255733e-06,1
20615.0,20620.0,20617.5,2.2902293e-06,1.1451147e-05,2
20620.0,20625.0,20622.5,2.2902293e-06,1.1451147e-05,2
20640.0,20645.0,20642.5,1.1451147e-06,5.7255733e-06,1
20695.0,20700.0,20697.5,1.1451147e-06,5.7255733e-06,1
20760.0,20765.0,20762.5,1.1451147e-06,5.7255733e-06,1
20775.0,20780.0,20777.5,1.1451147e-06,5.7255733e-06,1
20810.0,20815.0,20812.5,1.1451147e-06,5.7255733e-06,1
20840.0,20845.0,20842.5,1.1451147e-06,5.7255733e-06,1
20875.0,20880.0,20877.5,1.1451147e-06,5.7255733e-06,1
20905.0,20910.0,20907.5,1.1451147e-06,5.7255733e-06,1
20940.0,20945.0,20942.5,1.1451147e-06,5.7255733e-06,1
20975.0,20980.0,20977.5,1.1451147e-06,5.7255733e-06,1
20990.0,20995.0,20992.5,1.1451147e-06,5.7255733e-06,1
21185.0,21190.0,21187.5,1.1451147e-06,5.7255733e-06,1
21250.0,21255.0,21252.5,1.1451147e-06,5.7255733e-06,1
21265.0,21270.0,21267.5,1.1451147e-06,5.7255733e-06,1
21295.0,21300.0,21297.5,2.2902293e-06,1.1451147e-05,2
21405.0,21410.0,21407.5,1.1451147e-06,5.7255733e-06,1
21595.0,21600.0,21597.5,1.1451147e-06,5.7255733e-06,1
21645.0,21650.0,21647.5,1.1451147e-06,5.7255733e-06,1
21685.0,21690.0,21687.5,1.1451147e-06,5.7255733e-06,1
21765.0,21770.0,21767.5,1.1451147e-06,5.7255733e-06,1
21820.0,21825.0,21822.5,1.1451147e-06,5.7255733e-06,1
21865.0,21870.0,21867.5,1.1451147e-06,5.7255733e-06,1
21920.0,21925.0,21922.5,1.1451147e-06,5.7255733e-06,1
22140.0,22145.0,22142.5,1.1451147e-06,5.7255733e-06,1
22220.0,22225.0,22222.5,1.1451147e-06,5.7255733e-06,1
22415.0,22420.0,22417.5,1.1451147e-06,5.7255733e-06,1
22545.0,22550.0,22547.5,1.1451147e-06,5.7255733e-06,1
22640.0,22645.0,22642.5,1.1451147e-06,5.7255733e-06,1
22825.0,22830.0,22827.5,1.1451147e-06,5.7255733e-06,1
22855.0,22860.0,22857.5,1.1451147e-06,5.7255733e-06,1
22860.0,22865.0,22862.5,1.1451147e-06,5.7255733e-06,1
22880.0,22885.0,22882.5,1.1451147e-06,5.7255733e-06,1
23145.0,23150.0,23147.5,1.1451147e-06,5.7255733e-06,1
23175.0,23180.0,23177.5,1.1451147e-06,5.7255733e-06,1
23245.0,23250.0,23247.5,1.1451147e-06,5.7255733e-06,1
23410.0,23415.0,23412.5,1.1451147e-06,5.7255733e-06,1
23525.0,23530.0,23527.5,1.1451147e-06,5.7255733e-06,1
